0.00321184859210396	0.0118033301139786	-0.999925179914398
-0.0115773005749944	-0.0146772031849744	0.999825257641586
-0.0185448142298616	0.00380402191895837	0.99982079358374
-0.0114660074008626	0.000751195357716516	0.999933981010655
0.0203756922956215	0.0042340103821531	-0.999783428708217
-0.0165370611600616	0.00483210268366614	0.999851577181255
-0.0221641324619421	-0.000978957471578702	0.999753866146302
-0.013191522250825	-0.00782942499953546	0.999882334999915
-0.00413748986703878	-0.0150123852985067	0.999878747381526
-0.0270726537821853	-0.00784859152338933	0.999602656573245
3.77899080594978e-05	-0.0186696345453839	0.999825706469815
-0.0196238775815719	-0.00560757194937117	0.999791707589884
-0.0141942512613198	0.00335819520991112	0.999893617219383
-0.0278424337644356	-0.00742622742510712	0.999584738793217
-0.0154759540233175	-0.003916320841819	0.99987257051993
-0.0147698966479141	-0.00232623925879968	0.999888213133809
-0.0186944721818285	-0.00535455629203136	0.999810904839889
-0.00447811073937107	-0.021847508131258	0.999751285526886
-0.0110553719435447	-0.00448817850910167	0.999928814968776
-0.00914255030976474	-0.00903683032864444	0.999917371321973
-0.0110553719435447	-0.00448817850910167	0.999928814968776
-0.03861958979474	-0.00558463348850732	0.999238379543583
0.0184011237135681	0.0019740128314501	-0.999828736294081
-0.0227019217626692	0.00449346802740411	0.999732179882877
-0.0191454288122566	-0.00680898239784385	0.999793523840948
-0.0174797666067409	-0.000761083680816413	0.999846927539914
0.00148859291819877	-0.0157788988754597	0.999874397332686
-0.0213546616222906	0.00389777674999186	0.999764365119804
0.0383220431854794	0.0101312887585889	-0.999214080162094
-0.017479766606741	-0.000761083680816371	0.999846927539914
-0.0229797699450827	-0.00601799056091372	0.999717817167864
-0.0386344702485858	-0.0187392472200282	0.999077683827558
-0.0172373699957482	0.000706634556916642	0.999851175797295
-0.0199746420236667	-0.00575141820090533	0.999783944092275
0.00368707989852391	-0.015137310159003	0.999878626275696
-0.0205954168772008	0.00646946375896984	0.999766960267405
-0.013191522250825	-0.00782942499953546	0.999882334999915
-0.00763787739299182	-0.0156640152699964	0.999848139196424
-0.0386344702485859	-0.0187392472200282	0.999077683827558
0.0256755080524037	0.00636257741244456	-0.999650081726061
0.0134585628577116	0.00384316635565229	-0.999902043781373
-0.0160137524437304	-0.00412794052348276	0.999863250569649
-0.0168016346786792	-0.00542902855597344	0.999844103208627
-0.0131007219356272	-0.0159888751124913	0.999786340653543
-0.0303088430208319	-0.000480548245798046	0.999540465968298
-0.00476471189416668	-0.00375212785889591	0.99998160935944
-0.0155576636519166	0.00158666376800109	0.999877713322875
-0.0192197807953287	-0.00815999423595246	0.999781983494526
-0.0205954168772008	0.00646946375896984	0.999766960267405
-0.0157668419165417	0.00317887305585125	0.999870642364338
-0.00385031909953516	-0.0178662232555225	0.999832972605633
-0.0169204156610757	-0.000433293382589875	0.999856745634444
-0.0197830103471833	-0.00436890713869539	0.999794751512537
-0.00763787739299182	-0.0156640152699964	0.999848139196424
-0.0303088430208318	-0.000480548245798074	0.999540465968298
-0.017040606327196	-0.010515110342158	0.999799504996124
-0.0203217805207283	-0.00242455075993011	0.999790551460695
-0.0190445067449194	-0.00328462464759647	0.999813241562527
0.00365804982320664	-0.0178400306522552	0.999834162237827
-0.0189203983846144	-0.00382668274598711	0.999813670152658
-0.0195106334425884	-0.00337573960159689	0.999803950564715
-0.0261905442538194	-0.000947503916585931	0.999656519824693
0.000485794894980753	-0.0184904151680967	0.999828919640871
-0.020468147143277	-0.000287715377883524	0.999790464133551
-0.00289809774645367	-0.0297781496494945	0.999552331212781
-0.0186836185118257	-0.00375145576913481	0.999818408001632
-0.0209440287411047	-0.00735028471254697	0.999753630138314
-0.0197980558259316	-7.73607721856489e-05	0.999803996291685
0.00455846130272799	-0.0214291133793686	0.999759977959873
-0.0194018623362072	-0.00366634026706152	0.999805043839514
-0.0186836185118257	-0.00375145576913481	0.999818408001632
-0.0199473385276736	-0.00100792082468577	0.999800523995298
-0.0261525777231174	-0.0121491593789989	0.999584133830074
-0.0188245243486393	-0.0055054263324367	0.999807645281804
-0.0243311235413628	-0.00465709579656562	0.999693106851276
0.00213878663534533	-0.0251402002814088	0.999681647286544
-0.0196190095376919	-0.00420447469619704	0.999798688165417
-0.0269992325477142	0.00171813655819806	0.999633977738153
-0.0198230993044701	-0.00188187360471321	0.999801731987748
-0.0163207748920543	0.00136503819232432	0.999865875494136
-0.0180061764594473	-0.000508356688601025	0.999837746428284
-0.0254297471331179	-0.00356177259447886	0.999670266506277
-0.0190494264348375	-0.00689968374116147	0.99979473579169
0.0007799508847546	-0.0267757968949643	0.999641159805486
-0.0150643454867734	-0.010597070282373	0.999830369410974
-0.0155357361945249	-0.00142840660534527	0.99987829287142
0.000779950884754599	-0.0267757968949643	0.999641159805486
-0.0231001672099876	-0.00603765803148134	0.999714923845976
0.00393217129710228	-0.0237990606059522	0.999709029039532
-0.018440107733138	-0.000571875341956636	0.999829803209218
-0.0227407812368414	-0.00765685245043757	0.99971207328875
-0.0259406285519102	-0.0120483832313821	0.999590876434875
-0.0234027884543488	-0.000480736018676611	0.999726001655174
-0.0149445536484114	4.4731234722397e-05	0.999888322921798
-0.0250093417987206	0.00396887632686377	0.999679339010013
-0.0195691117591366	-0.00723853087477708	0.99978230307189
-0.0260848466868668	-0.00307053875876856	0.999655016775815
-0.0223950671408972	-0.00261131812013015	0.999745788681018
-0.0203404668174804	-0.00548247134918871	0.999778079334385
0.0246024117845753	0.00456976899655093	-0.999686870247729
-0.0176568477292563	0.011687743437201	0.999775791055981
0.018230790508522	-0.000790880948945814	-0.999833492530011
-0.0138543991073934	-0.00505724040212038	0.999891234057429
-0.018310618030445	0.0011200865909794	0.999831719177468
-0.0116288738872027	-0.00916350936215971	0.999890393687371
-0.016283150438377	0.00409517011171792	0.999859034361123
-0.0273781244106769	-0.00352744750953012	0.999618925099871
-0.0211991710371651	-0.00686632036346527	0.99975169356796
0.018230790508522	-0.000790880948945814	-0.999833492530011
0.00654308558743694	0.00611869209232341	-0.99995987401399
-0.0122216154362265	3.44935455461149e-05	0.999925312674064
-0.0158253056116104	-0.00610044567037418	0.999856161787745
-0.018310618030445	0.0011200865909794	0.999831719177468
-0.0274034910821401	-0.00243287315540757	0.999621493268687
-0.0113821189526225	-0.0107658511780101	0.999877264376264
-0.0113821189526225	-0.0107658511780101	0.999877264376264
-0.0143191655963918	0.00120132004538273	0.9998967538335
-0.0132387122884085	0.000175244282183653	0.999912349051849
-0.0116456808962689	-0.0054543159704616	0.999917310858131
-0.00326618630653118	-0.0132636386621746	0.999906699605743
-0.017390602807583	-0.00246502881938801	0.99984573338436
-0.00245834650440835	-0.0141756543230629	0.99989649832219
-0.00326618630653118	-0.0132636386621746	0.999906699605743
-0.0169374423912015	0.00118767929610726	0.999855845841356
-0.00245834650440835	-0.0141756543230627	0.99989649832219
-0.00245834650440835	-0.0141756543230627	0.99989649832219
-0.0137673202639759	-0.00110689890622991	0.999904613284468
-0.00906834047453592	-0.00130727097897325	0.999958027240957
-0.00765575892224027	-0.00333167977750216	0.999965144025123
-0.0141899519299455	-0.0296175998920289	0.999460576031322
-0.00921005824712583	-0.0149841004510521	0.999845313816471
0.0105168321791375	0.00620716224170762	-0.999925430908636
-0.00891319939713493	-0.00716009671378477	0.999934641809931
-0.0170651215388257	-0.00879608264914461	0.999815688293045
-0.00656464051725125	-0.00647283046678555	0.999957503077319
-0.00970492620100813	0.00472171744930907	0.999941758199827
-0.0091075681323596	-0.0019442625507454	0.999956635082666
-0.0141899519299455	-0.0296175998920289	0.999460576031322
-0.00765575892224027	-0.00333167977750216	0.999965144025123
-0.00845642688488045	-0.0107093538598679	0.999906894957848
0.0305214107302395	0.023819071251229	-0.999250266615809
-0.0109552617894761	-0.00520251435079223	0.999926455337368
-0.0144511845252345	-0.00150986475664434	0.999894436215261
-0.016507586803959	0.00547078925694505	0.999848773586694
-0.00959165823101359	-0.00261207951692083	0.999950587345683
-0.0134381997059445	-0.027797676389631	0.999523238337159
-0.0105818174876587	-0.00437110440907577	0.999934457144518
-0.0216792122383506	0.00564752576796838	0.999749027111017
-0.0171945032301541	-0.00898513311217625	0.999811790509406
-0.0132942200352997	-0.0052371617126708	0.999897912714517
-0.0100177665307724	-0.00133863290466737	0.999948924903508
-0.0246349900770023	-0.00389341004653693	0.999688930929074
-0.0140771045078627	-0.00295338138557469	0.999896550982683
-0.0111655484467664	-0.0154515198144153	0.999818274019488
-0.0140771045078627	-0.00295338138557471	0.999896550982683
-0.010614092938617	-0.0176775403241682	0.999787400200252
-0.0125799072655314	0.00909810522814272	0.999879477944441
-0.0262613168789035	-0.00406759607840964	0.999646836586766
-0.0158372374259373	-0.00534725546826508	0.999860284624643
-0.0206493012398907	-0.00768386367824164	0.999757252835546
-0.0189347075080653	0.00807527950455511	0.99978811090776
-0.00748995687897821	-0.0299248182217677	0.999524089654845
-0.0117292000335115	-0.0190510147865192	0.999749711028804
-0.00733047597824009	-0.00698371266351283	0.999948744626126
-0.0186703026033748	0.00613713539394889	0.999806859033211
0.0218665264881435	0.0104666324453463	-0.999706109126376
-0.0106952943325784	-0.00148579065830806	0.999941699853176
-0.0194113842151898	-0.0105434022853581	0.999755987644535
-0.0194937358444995	0.00565150994667402	0.999794006132337
-0.01478662218704	-0.0126514128653995	0.999810630848066
-0.0218552467234081	-0.0135375273779873	0.999669487152203
0.0154296024795286	0.00504838323128444	-0.999868211912987
-0.0181322300808147	-0.00157548182541545	0.999834356325744
-0.0230722462874607	0.000771546399525647	0.999733502573263
-0.0191707228993187	-0.0087927056737388	0.999777561115698
0.0206357332858429	0.0010382069279326	-0.999786521532537
-0.0212813709995696	0.00441773444312316	0.999763765532022
-0.0121735744042129	-0.00884110721594701	0.999886813049068
0.0206357332858429	0.0010382069279326	-0.999786521532537
-0.0134424159094554	-0.00726033052708489	0.999883287716699
-0.0225834367528158	-0.012077447561008	0.999672008033056
-0.0212075750076	0.0114270898689766	0.999709788078232
0.0188995060109575	0.0115832018059998	-0.999754288867251
-0.0104635636519498	0.0061617383046512	0.999926270690378
-0.00643644112480141	-0.0274385294381262	0.999602770768429
-0.020085791911475	0.0022416520896547	0.99979574711998
-0.0212499265160361	-6.59514183282695e-05	0.999774192642255
-0.00747438865386062	-0.0293150308664002	0.999542276484368
-0.00786580991729341	-0.0160555646651058	0.999840161164588
-0.0246376430205371	-0.00867122712847596	0.999658839988163
-0.0212568539581139	-0.0193942157788065	0.999585919545753
-0.0130441479904421	-0.00482164342883312	0.999903296303122
-0.0204336934101073	-0.000968177515772273	0.999790741508402
-0.0214619902556524	0.0126698573698543	0.999689380602042
-0.0202602561307384	0.00504441660944175	0.999782014182385
-0.0119987426280922	0.000166182269775036	0.999927998687304
-0.0170369187096493	-0.00355659481628246	0.999848535546356
-0.00490894441366333	-0.00822762259176487	0.999954103192357
-0.0169102429466209	-0.00836687845025164	0.999822003672896
-0.023400483846819	0.00536518352059966	0.999711774543806
-0.0198549812878611	-0.00141999699443527	0.99980186203397
-0.0198549812878611	-0.00141999699443527	0.99980186203397
0.0292828626938445	-0.0124781747679051	-0.999493276168937
-0.00782617280155918	-0.0228610053694887	0.999708020100257
-0.0177566734224179	0.00633615212582786	0.99982226106704
-0.0209796544643013	0.000260281055579334	0.999779868947325
-0.00490894441366333	-0.00822762259176488	0.999954103192357
-0.0129484033053302	-0.00374018432013355	0.999909170811576
-0.00883339123222759	-0.00576757082355967	0.999944351614695
-0.00864652556081887	-0.00969487787011117	0.999915619909405
-0.0130122574266719	-0.00539228273022015	0.999900797301222
-0.023571599029885	0.00843662820562107	0.999686552387144
-0.0298345933816876	0.0118340741067556	0.999484793144841
-0.0304791686983222	-0.00392435217314228	0.999527698333308
-0.0190347241562463	-0.00258790260335817	0.999815473993282
-0.00611025186297687	-0.00870854767124038	0.99994341140868
-0.0153939718499106	-9.64288796428542e-05	0.999881501145088
-0.0119817226170091	-0.0245116799865875	0.999627738644424
-0.0190347241562463	-0.00258790260335817	0.999815473993282
-0.0079191109722731	-0.0159331428233115	0.999841698790954
-0.0220768313587737	0.0048715690293044	0.99974440800254
-0.0152585070978437	-0.0111888428696194	0.999820977853727
-0.0043264807522858	-0.0117041895058619	0.999922143725356
-0.0130105917871338	-0.00629340586632491	0.99989555331742
0.00992396101857608	0.0076589823056834	-0.999921424406809
-0.0149035574348483	-0.0255295567257555	0.99956296735582
-0.00498639537478231	-0.0255374092998345	0.999661430979218
-0.0169168648943969	-0.00534607173662779	0.999842607213321
-0.0109399018468671	-0.0148572044919552	0.999829776523117
-0.00698662753335973	-0.0074335246582879	0.999947963519535
-0.0238997140078159	0.00246022263339852	0.999711333823389
-0.0109399018468671	-0.0148572044919552	0.999829776523117
-0.00829257227750461	-0.0125925000870407	0.999886324632246
-0.0114491472554061	-0.00675971085518804	0.999911607761545
-0.0258546779137522	0.00471374398267858	0.999654598472714
-0.0112028945559738	-0.00119919516002917	0.999936526527827
-0.0121503826224359	0.00503269550416126	0.999913516349335
-0.00791911097227308	-0.0159331428233116	0.999841698790954
-0.0119817226170091	-0.0245116799865875	0.999627738644424
-0.0119998482938395	-0.0116415432112231	0.999860229288367
-0.0106899044224354	0.00222001646360118	0.999940396958909
-0.022689937194456	0.000533354052964403	0.999742407964955
-0.0139530271091869	-0.0188931161003399	0.999724143550864
0.0165394644364472	0.00846171905420628	-0.999827407819371
-0.0228278796545609	0.00864013584175008	0.999702073601487
-0.0109753427170749	-0.0115355484219442	0.999873228451911
-0.00822918185901834	-0.0185472652723495	0.999794118564842
-0.0169281672716611	-0.0144163126508665	0.999752772980588
-0.0247470701302336	-0.0172893503596634	0.999544226577348
-0.00945937821477255	-0.0106225068670003	0.999898836138762
-0.0103762725706571	-0.00354913643228172	0.999939866491043
-0.0179665988275154	-0.0107223093134533	0.999781092744586
-0.0169625161930294	0.00487365518542838	0.999844248135446
-0.00945937821477255	-0.0106225068670003	0.999898836138762
-0.0151071411263168	-0.00673653907199809	0.999863187305304
-0.0125838390080571	0.00510275480037725	0.999907800194231
-0.0153512429992566	-0.000781834907686907	0.9998818570574
-0.0167236444581277	-0.00366848701533545	0.999853420216712
-0.0214589196694936	0.00342488605498263	0.999763864581096
-0.00919691951391089	-0.00237054535856877	0.999954897575964
-0.0235195075797059	-0.00369241691951861	0.999716559240918
-0.0186276003458182	0.000279278670012942	0.99982645219497
-0.0254533957354073	-0.00933564826484495	0.999632417600095
-0.0162059449309419	0.00315512216081854	0.999863696987267
-0.0216672616301326	0.0116697545464258	0.999697127435244
-0.121563802680804	0.0247907345187909	0.992273985026213
-0.0485696824719887	-0.0558920172909976	0.997254766019052
-0.056086664385921	-0.0391214531093586	0.997659159224569
-0.0351317142622218	0.00785098921316621	0.999351852262942
-0.0307145157691749	0.00930813285349524	0.999484855905204
-0.0311970641426686	-0.00641274826729548	0.999492681238106
-0.078614138177215	-0.00585451360886985	0.996887928479956
-0.0523858055053222	0.0403366583627339	0.997811946898656
-0.0383142046330492	0.00951526503029512	0.999220436868032
-0.0155631434939949	-0.00175078721067538	0.99987735413336
-0.0169955743164689	-0.00563235476204683	0.999839700668806
-0.0210604540493428	-0.00598815472017622	0.999760270904122
-0.0527271908674685	-0.00880917595118169	0.998570098572097
-0.052890661832068	-0.0189684226518913	0.998420140438416
-0.0477983817129219	-0.0351481894354656	0.998238408139576
-0.0155631434939949	-0.00175078721067521	0.99987735413336
-0.039585490104269	-0.0290012064599056	0.9987952337677
-0.0224391763332996	-0.00120844445916835	0.999747479630468
-0.0169955743164689	-0.0056323547620468	0.999839700668806
-0.0155631434939949	-0.00175078721067524	0.99987735413336
-0.0247189125620266	-0.00283068163624428	0.999690433385868
-0.0124443542217903	-0.0161791336542175	0.999791665139394
-0.0164130533308678	-0.00495229874173395	0.999853032409029
-0.0329301411350773	-0.0106032471954314	0.999401409321468
-0.0224391763332996	-0.00120844445916835	0.999747479630468
-0.0286702665304639	-0.00615743218202909	0.999569958455133
-0.0391652704207029	-0.0292013937711742	0.998805967240231
-0.0118388933623034	-0.00836990782694297	0.999894887099101
-0.0187397139325187	-0.0072366866264259	0.999798206383868
-0.050396480745065	-0.0170687500465685	0.998583422904847
-0.0184051635552247	0.00158066848083427	0.999829361162023
-0.0124443542217903	-0.0161791336542175	0.999791665139394
-0.0194225137265507	-0.00885363087245758	0.999772163635754
-0.0462494142377704	1.74172256156221e-05	0.998929923157428
-0.0298654908813828	-0.00758883040713983	0.999525118297417
-0.0384495594934885	-0.0280563420703515	0.998866594217861
-0.0128847826893656	-0.0118164774213733	0.999847164938921
-0.0124779450843282	-0.0115879836090796	0.999854999248565
-0.0197066591922253	0.00331605027471282	0.999800305758133
-0.0296267352270975	-0.0176162547873209	0.9994057855181
-0.0213499203607343	-0.00879045415663731	0.999733418875407
-0.0128847826893656	-0.0118164774213733	0.999847164938921
-0.0398000580767773	-0.0120774467881495	0.999134670930883
-0.0289871191322231	-0.0109639790100428	0.999519653678046
0.00783384255387067	-0.00599629866051765	0.999951336472538
-0.02350148971827	-0.0103095979524904	0.999670641847144
0.0180221309868979	0.00815784207271869	-0.99980430705584
-0.0283877357910658	-0.0158375712221248	0.999471514248626
0.00783384255387067	-0.00599629866051765	0.999951336472538
-0.0186252341352916	-0.00537534610100686	0.99981208549792
0.0611138325055561	0.00432483935399813	-0.99812143311375
-0.0325692918122042	-0.00658394929880468	0.999447793955483
-0.0184701906436977	-0.011797287313786	0.999759809188998
-0.0325692918122042	-0.00658394929880478	0.999447793955483
-0.00026562254189224	-0.00896300067716887	0.999959796223591
0.0611138325055561	0.00432483935399813	-0.99812143311375
0.0611138325055561	0.00432483935399813	-0.99812143311375
0.0611138325055561	0.00432483935399813	-0.99812143311375
-0.00462651093591045	-0.00790073761136942	0.999958085992486
-0.00877088754316769	-0.00661671325733374	0.999939643497234
-0.0289586331675018	-0.00517244463209263	0.999567228045016
-0.0402421418335876	0.00415162404455039	0.999181331910499
-0.00580230065299848	-0.0169982845699459	0.999838682802787
0.0159807472827438	0.0109462511601706	-0.999812380050289
-0.0104005435539249	-0.0117864249815173	0.999876446807273
0.0213097125664105	0.0147691353516065	-0.999663827889808
-0.0106513245268569	-0.0114147389562036	0.999878119082714
-0.0360276440407913	-0.0173124649035882	0.999200824371073
-0.0201840938763932	-0.0065332649099178	0.999774934074668
-0.0104005435539249	-0.0117864249815173	0.999876446807273
-0.0175333415922892	-0.000160071180028511	0.999846266337893
-0.0300107779604293	-0.0061132060413539	0.999530880922698
-0.0117511785150429	-0.0280758730428358	0.999536720264138
-0.0117511785150428	-0.0280758730428358	0.999536720264138
-0.0117511785150429	-0.0280758730428358	0.999536720264138
-0.00970539073030639	-0.017707829284144	0.999796098298455
-0.00970539073030639	-0.017707829284144	0.999796098298455
-0.0196237837298054	-0.0184724945171622	0.999636771061589
-0.00838004568451192	-0.005699018749047	0.999948646691231
-0.0216711675902738	-0.00769846335939805	0.999735512101665
-0.0185226005292575	0.00105107282691671	0.999827889446752
-0.0198355292151582	-0.0034129633989408	0.99979743121374
0.0174858684688275	0.016411415476396	-0.999712413569998
-0.0208028271482063	-0.0177584799497137	0.999625869399406
-0.0146058774899434	-0.00860812756629008	0.999856273912681
-0.0197702907286165	-0.00691034406790516	0.999780667321273
-0.0180926158185777	-0.0137884807552602	0.999741234045742
-0.0203070295478879	-0.00667292693990734	0.999771522197444
-0.0176595071611148	-0.00736471327384292	0.999816934646148
-0.0238067350948676	-0.000583269581568062	0.999716409368536
-0.0191445267369827	-0.00220860607100689	0.999814287333023
-0.0244961521543496	-0.00751045762760857	0.999671711891386
-0.0185347775897557	-0.0137411252908289	0.999733786312856
-0.010083908543717	-0.0197625484315211	0.999753847938568
-0.0308426241375746	-0.00818727599718617	0.999490720841396
-0.00858913295467578	-0.0182408628017798	0.999796728199954
-0.0152859129927173	-0.0131581485458249	0.99979658130583
-0.01038769203087	-0.0148282405384439	0.999836096136165
-0.00765313265452173	-0.0192275895622724	0.99978584174822
-0.0281800248648899	-0.0149333115809294	0.999491311820088
-0.00597782834982988	-0.0187480353436836	0.999806369623124
-0.0238567299503605	-0.00728648454044917	0.999688833377225
-0.019407610549675	-0.00661160142292582	0.999789793596322
-0.0130088015182359	-0.00382930944983419	0.999908049508652
-0.0200285932096066	-0.00786874713444798	0.999768442326811
-0.00585610330163644	-0.0183091616628341	0.99981522325544
-0.00842186908618993	-0.0188612981232503	0.999786639015645
-0.0176396444343329	-0.00974333184772125	0.999796934596589
-0.0170468523003443	-0.00618540574487205	0.999835559270834
-0.0188290581977545	-0.00339711916431876	0.99981694632006
-0.00906782965963837	-0.0184802941581863	0.999788104146619
-0.00696383370915961	-0.019052905327644	0.999794224737594
-0.0153224108036604	-0.00939239479061109	0.999838490280936
-0.0248486803080651	-0.00232549487241606	0.999688519070088
-0.0203460047446432	0.00067295372449222	0.999792772140415
-0.010617947326855	-0.0157624893270071	0.999819385251546
-0.010617947326855	-0.0157624893270071	0.999819385251546
0.0110822846857081	0.0103951890908293	-0.999884554841163
-0.00945448536639583	-0.0145920236697363	0.999848831349859
-0.0212016426060641	-0.0066357755807792	0.999753197961
-0.00919692477492515	-0.0111351174880668	0.999895707428135
0.0161000727711398	0.00010796216935656	-0.999870379599743
0.0244913988798065	0.00446207516999323	-0.999690082608649
0.011082284685708	0.0103951890908294	-0.999884554841163
-0.0233680074593452	-0.00607481464559961	0.999708473933477
0.0122978881176721	0.00815740171509486	-0.999891103443322
-0.0233680074593452	-0.00607481464559961	0.999708473933477
-0.03359100527236	-0.00302515411213505	0.999431084571313
-0.0537480038147548	0.00545725750654513	0.998539618856676
0.0414074341215879	0.0306746865628156	0.998671361361554
-0.0456102112988984	-0.0229772551646394	0.998695025706231
-0.0496857257435515	-0.0100621654493613	0.998714214119238
-0.0997039885118014	-0.0053133876634183	0.995002956069165
-0.0200461998007697	-0.0323579448374256	0.999275294040359
-0.0428758838594109	-0.0223615166744493	0.99883012627538
-0.00912380266894256	-0.0390089130720619	0.999197208225581
-0.0445035831188729	-0.0402449556050934	0.998198264193004
-0.0324665385504028	0.00424724082854112	0.999463798654008
-0.0665897482503706	-0.000638338476565387	0.997780235298305
-0.0609494067257006	-0.0308315800190227	0.997664564617445
0.0437396733547716	0.0405648725903871	-0.998219080205615
-0.0476977703514413	-0.0619874955312377	0.996936544169821
-0.0454427948075222	-0.0894392873296896	0.994955057418192
-0.0774124320298224	-0.0238824797605171	0.996713069307169
-0.0433356574471976	-0.0984405811378246	0.994198910067229
-0.0991600279862405	-0.0147065204860314	0.994962816945921
-0.0529622911147096	0.0352266520371524	0.997974989018329
-0.0560932619912549	-0.0297003482839035	0.99798368487215
-0.108237836225296	-0.0269569989253021	0.993759473423125
-0.0668561635420678	-0.00404295317899383	0.997754432676713
-0.0676582931685886	0.0209215062229185	0.997489170839903
-0.0741687561461581	-0.00583666383150414	0.997228624221673
0.0607722680166375	-0.00309536976911512	-0.998146857995408
-0.0745900151847813	0.0379779288827429	0.996490846196046
-0.0433356574471976	-0.0984405811378249	0.994198910067229
-0.0324665385504028	0.00424724082854112	0.999463798654008
-0.0886693241115737	0.0598313482313655	0.994262521032757
-0.0916322118641507	0.0459983419668673	0.994729958473747
-0.0539873525903967	-0.0254231381684003	0.998217927010906
-0.00753134776899557	-0.0139031856904493	0.999874982299507
-0.0192775133247345	-0.0671438518184485	0.997557056334622
-0.116042443875072	-0.00501622684786532	0.993231588647739
0.125877169062549	0.00778188720709538	-0.992015312654142
-0.0585622142728044	-0.0164642308710704	0.998147983097341
-0.0463873266007676	-0.0544667604604038	0.997437510792422
0.0605965105300767	-0.0179037059946733	-0.998001763637337
-0.0336652675664659	-0.0023529714823986	0.999430394417181
-0.0764088471598169	0.00590565528429872	0.997059081153855
0.0581220516377955	-0.0165810050821085	-0.998171777493173
0.0629236002016977	-0.0271178378248986	-0.997649860125966
0.059742765245378	0.0541667822949261	-0.996743077074855
-0.0100786615152136	-0.0237264413109284	0.999667683065118
0.0407752345450173	-0.0135554347985133	-0.999076388688684
-0.055423060553647	-0.00483763445845779	0.99845124149941
-0.0470567198018506	0.0233828940061873	0.998618498421387
-0.0192775133247345	-0.0671438518184485	0.997557056334622
-0.0322891066337452	0.022548760488342	0.999224182550259
-0.0552091755476232	-0.0217343417895983	0.99823823074571
0.0604081870756027	-0.0345425780849536	-0.997575892468079
-0.0558310011565312	-0.0142368952729465	0.99833872514435
-0.0721879653579738	-0.0363141257979702	0.996729743674285
-0.0282060206592124	0.0310060801178597	0.99912113549574
-0.0443543568519059	0.0158774117924991	0.998889683009603
-0.0373594156094385	-0.0162736729170966	0.999169375849315
-0.0359721136081464	-0.001112601596357	0.999352174741342
-0.0470371403391955	0.00147034254267125	0.998892058994123
-0.064110222010534	-0.00705215266417155	0.997917905730006
-0.0734828828620358	0.0107863825751863	0.997238146019909
-0.103435615915097	-0.00133129935731874	0.994635260285038
-0.0252222868898954	-0.0766815984545281	0.996736559328744
-0.0676984670337148	-0.0237867402369272	0.997422231830726
-0.0560752985997866	0.00952071176385008	0.998381148126534
-0.0607323368046366	-0.00594768114600495	0.998136367614783
-0.100896755210383	-0.0360756635257389	0.994242621943554
0.0407248670086317	-0.0108277037000234	-0.999111728506734
-0.0614044182190778	-0.0649411029296584	0.995998067555081
-0.0606627873757907	-0.0658541439383058	0.995983563094267
-0.0292936853357484	-0.00925566401847301	0.999527994947129
0.0488758084360125	0.0189608166909504	-0.998624875906933
-0.0315680263580206	-0.00539508664396622	0.999487044814471
-0.0852434732992624	0.00500421047469311	0.996347583997373
0.0441703703676587	0.01928128757554	-0.99883792996212
-0.0539882270035061	-0.0121491132334609	0.998467661165177
-0.0500295740670902	-0.070073155019134	0.99628650229958
-0.0443543568519059	0.0158774117924987	0.998889683009603
-0.083513715572855	0.00640466035299755	0.996486045881717
-0.0730773924123779	0.0201422456387666	0.997122853342975
-0.0852434732992625	0.00500421047469291	0.996347583997374
0.0620265896897381	0.0100141028897452	-0.998024258179516
-0.0630728455603651	-0.00320972336193097	0.998003764436216
-0.0359721136081464	-0.001112601596357	0.999352174741342
-0.0347528948099199	-0.0323446522902214	0.998872394137787
-0.0451331751265593	-0.00171645439571763	0.998979504438055
-0.0364099291071116	0.0473497956343	0.998214563065379
-0.0372608043173813	0.0254778557643909	0.998980736214303
-0.0648459214254743	0.0446645650389231	0.996895221728124
0.0423400381895664	-0.0156944098803565	-0.998979983115084
0.0375981383332655	-0.00168655742734434	-0.999291516784725
-0.0575483250130255	-0.00936728940144158	0.998298775005491
-0.027153260763919	-0.101541239275697	0.994460696637249
-0.0443543568519059	0.0158774117924991	0.998889683009603
-0.0417277059797161	-0.0808674926393551	0.995851016562164
-0.0354127945109387	0.0168410161991333	0.999230861291977
-0.0706484366837663	-0.041102419060752	0.996654097238101
-0.0373066385428097	0.0498341399424958	0.998060505789518
0.0657143138482924	0.0208249717977698	-0.99762114527764
0.0782722197286308	0.0183269070440373	-0.996763554759579
-0.0401341631519333	-0.00824388457598862	0.999160291102079
-0.076174620042545	0.0241540210120598	0.996801891315583
-0.0472143892670789	0.000760672706386242	0.998884489229446
-0.0493061758600745	0.015993281663901	0.998655654349223
-0.0452508758742139	-0.0108894840492908	0.998916301483641
-0.0261538948620274	0.00492121501679136	0.999645814989642
-0.0318604043467827	-0.00419246006741242	0.999483535588978
-0.0433569348936535	-0.0467036206984832	0.997967408290611
-0.0638647632992011	-0.0651446633848298	0.995830038129607
-0.0497626506906964	-0.00280441848868685	0.998757134559336
-0.0354127945109387	0.0168410161991333	0.999230861291977
-0.0372843878583613	-0.0321807199031872	0.998786401433529
-0.0212196528012783	0.0165384681970046	0.999638037193809
-0.0874178373753922	0.00630069954894375	0.996151807152807
-0.064992540789726	0.014497701501186	0.997780429900726
-0.0423698990589091	-0.0044693625491039	0.999091995990431
0.0589831344313463	-0.0208040314948104	-0.998042174522809
-0.0471166745806799	0.0390319087489687	0.998126509554711
-0.0472143892670789	0.000760672706386242	0.998884489229446
0.0413466944917619	-0.0168300690449235	-0.999003102913373
-0.0575615499636899	-0.0156493324237715	0.998219297729947
-0.0321869888173917	-0.0617434387034379	0.997572927423326
-0.0463002778966837	-0.00967260996866773	0.998880736065664
-0.0485137790517811	-0.0487457387386234	0.997632330168254
-0.0525182824335753	0.00988647419504181	0.998571022831234
-0.0330628532604734	0.0176350450187322	0.999297679833924
-0.0518499711452915	-0.00738200963618	0.998627601474125
0.0540795851631254	-0.0274591694043608	-0.998159001604558
-0.0159032069485357	0.0219912515788182	0.999631668597363
-0.0145527933815016	0.0136649575370821	0.999800722714434
-0.0671170135968555	-0.0271234941959268	0.997376369555868
-0.064992540789726	0.0144977015011861	0.997780429900726
-0.0521915604963221	-0.0538460124203338	0.997184360065574
-0.0479770189346439	0.0152218931229436	0.998732446465969
-0.0422672247458437	-0.0150250724950679	0.998993357790132
-0.0435288827108308	-0.00713830465582854	0.999026666799534
-0.0071391482905423	-0.0858401295787421	0.996283345597823
-0.0254052462005197	-0.0840343518342597	0.996138946722437
-0.015192369908951	-0.0829502469528267	0.996437879863574
-0.0740500542144104	-0.0503808714558731	0.995981102864
-0.015192369908951	-0.0829502469528267	0.996437879863574
-0.0789961141964247	-0.0341640682385095	0.996289330658148
-0.067139843729821	0.0127452661299145	0.99766216705617
-0.072921834098384	-0.0499961065613051	0.996083729131461
0.0405183138012425	0.00444343250843504	-0.999168915726589
-0.0631624837709636	-0.0430492787848198	0.997074350407225
-0.0735947119540397	0.0372625301114589	0.996591853379353
-0.0629527091854152	-0.00960394114668171	0.997970300520345
-0.0442216226238989	0.0325016894752837	0.998492908474448
-0.00494993401717926	-0.063954663776864	0.997940528856512
-0.0522747904666411	-0.0109008368416528	0.998573241198571
-0.0652166228888073	-0.0456824445695397	0.996824912588529
-0.0594782694952429	-0.0209456110953073	0.998009828024602
0.0678370503731833	0.00680332573231279	-0.997673217719934
-0.0735947119540397	0.0372625301114589	0.996591853379353
-0.0459896244930004	0.0224836943646845	0.998688859418542
-0.0510372380491978	-0.0101751881428351	0.998644914811349
-0.0459896244930004	0.0224836943646843	0.998688859418542
-0.0373611496637635	-0.0469138236142598	0.998199998822727
-0.070283662711687	0.0214467236350056	0.997296467857554
-0.0631587793077175	-0.0617262735607328	0.996092784708666
-0.0659647513096966	-0.0641506251730909	0.995757675779882
0.0546411313701551	0.00278181232370173	-0.99850218241263
-0.0634181144245221	-0.0287507968832566	0.997572821623272
-0.0631587793077175	-0.0617262735607328	0.996092784708666
-0.0597728075515027	0.00220062864998902	0.998209581556376
-0.0252264388764446	-0.0872221180427116	0.995869433663749
-0.0454737363697316	-0.0172047721556461	0.998817368248895
0.0447606981961541	0.00860558219071957	-0.998960671824547
-0.0735947119540397	0.0372625301114589	0.996591853379353
-0.0721652958382735	-0.0348262494284758	0.996784481433835
-0.0962051766016157	0.0632754789300926	0.993348266098663
-0.0721652958382735	-0.0348262494284758	0.996784481433835
-0.0522114405521355	-0.0376147348973098	0.99792740076324
-0.0666123404328252	0.0189406119322159	0.997599142602726
-0.0676233684694873	0.0114434636382622	0.997645291261779
-0.0808886233429232	0.0697454036469545	0.994279945128036
-0.019637033345143	-0.0724667738301013	0.997177493534656
-0.0376321562428942	-0.00557746039336065	0.999276094356345
-0.0751665319563298	-0.0406621634973234	0.996341598515979
0.0649281684198683	0.0318527388655353	-0.997381439556805
-0.0253743690867225	-0.0695385877474784	0.997256499706839
-0.0370149036366812	-0.0122854400938542	0.999239193021605
-0.0481847224758812	-0.0638130768211541	0.996797935263983
0.0435197291843615	0.012204792317401	-0.998978015882336
-0.0881214389908618	0.0158388168428023	0.995983807032624
-0.052433877821427	0.00731668089430066	0.998597593947281
-0.109712034774054	0.060934574431889	0.992093870087172
-0.0601911541798451	0.0125481391596127	0.998107994739111
0.0824019837016987	0.0112538830497506	-0.996535630671743
-0.112227272614354	0.0334914817713544	0.993117998996243
-0.0421229848362494	-0.00636358836241984	0.999092167365774
0.0583898640981122	0.0209233936216936	-0.998074564033147
-0.0547647595531258	-0.019896560083325	0.998301030755723
-0.0881214389908618	0.0158388168428022	0.995983807032624
-0.0505864469616443	-0.0103433481544807	0.998666123653322
-0.0505864469616443	-0.0103433481544805	0.998666123653322
-0.0992162779117554	0.0550557891981656	0.99354163992915
-0.0587814704434762	-0.00743539302860657	0.998243183629626
-0.0319418603110587	-0.0114783499649603	0.999423816527278
-0.105382428010561	0.0659668787359378	0.992241359134176
-0.0485097531520233	-0.000620506984962362	0.998822516176028
-0.0319418603110586	-0.0114783499649603	0.999423816527278
0.0345106763462621	0.0163462900398465	-0.999270640027044
-0.0686106948103215	0.0110353998479025	0.997582474038033
-0.0418717510696401	-0.0450293618400535	0.998107766243024
-0.078779180700131	0.0370096396018304	0.996204862096526
-0.0851360485692531	0.015211525529398	0.996253212152956
-0.0889651598057621	0.0836593338288106	0.992515146586718
-0.0734313849897497	0.0392540256049188	0.996527447274933
0.0445965120350225	0.0291430082943862	-0.998579909762791
0.0588403543050388	0.0321163958669235	-0.997750645112183
-0.0319418603110586	-0.0114783499649603	0.999423816527278
-0.0989576302482321	-0.063191182447959	0.993083209945916
-0.0192194946985724	0.0835318247340223	0.996319750521958
-0.0323846206351586	-0.0420910731539468	0.998588793201218
-0.0528798013001396	0.0167635677736886	0.998460169165478
-0.0349977973881039	-0.00891003716724078	0.999347669940577
0.0855776174580646	-0.0948921454047985	-0.991802375541961
-0.0438370972900325	-0.0030478601292773	0.999034043188628
-0.0444698879864762	-0.0140000375535941	0.998912622810909
-0.103447518010907	-0.0537272415295784	0.993182759886118
0.08021260095976	0.0141307731067315	-0.996677610814388
-0.0708931100050029	-0.00112030244759201	0.997483289021046
0.0704459594317734	0.0627731319133725	-0.995538497854063
-0.0436467091341009	-0.020707551264976	0.998832399405612
-0.09063826667041	-0.0799857569188087	0.99266660229158
-0.107312535522376	-0.0238411456396198	0.993939444581182
0.112597473389736	-0.0289498940941402	-0.993218864409142
0.0855776174580646	-0.0948921454047985	-0.991802375541961
0.112597473389736	-0.0289498940941402	-0.993218864409142
-0.0736411970321858	0.0510090726220076	0.99597944186108
-0.0653705050079318	-0.00300845821718648	0.997856525886444
-0.0433344282743467	-0.00539882513978186	0.999046034981995
-0.0299361633665343	-0.0205945059501337	0.999339628178309
-0.101938540557778	-0.0312692912182979	0.994299132744093
0.069802405886147	0.0171059959719227	-0.997414161236101
-0.0408019187415143	-0.0437482619615983	0.998209042737217
-0.0433344282743467	-0.00539882513978186	0.999046034981995
-0.0433344282743467	-0.00539882513978185	0.999046034981995
-0.0558295084494587	-0.00889024415163961	0.998400735949857
-0.072028508013331	-0.0950632571925555	0.99286195977352
-0.0628555561880249	-0.0673320417018068	0.99574875104946
0.111849195692161	0.04229590130788	-0.992824664356991
-0.0391739644748813	-0.0126328523072179	0.999152546686393
-0.0391703817863299	-0.0453435649563512	0.998203206921197
-0.0621917344284059	-0.0954134889487418	0.993493056994066
0.0331141820602049	0.0059507542891799	-0.999433859477391
-0.107251693825699	-0.0321487442314261	0.993711996715276
0.0841380536150238	0.0275503958744569	-0.996073171820744
-0.0575272706855516	-0.0225322281048613	0.998089631157494
0.0681397888532641	0.0322074535108342	-0.99715577976231
0.0473435666207596	0.0128111434195669	-0.998796506453596
-0.0322440786740243	-0.0133718987524541	0.999390570154741
-0.075636815973912	-0.112810370240309	0.990733512320832
-0.0623370780639232	-0.116557767906803	0.991225693492171
0.0325515128411674	0.0259951759428028	-0.999131948162731
0.0359101501859652	0.0201993124022967	-0.999150863930015
-0.0377801836634127	0.0416945610862007	0.998415855892818
-0.0377801836634127	0.0416945610862007	0.998415855892818
-0.0532752836210172	0.00408666958325027	0.998571501339197
0.0654003385264614	0.0171330793492189	-0.997712009205381
-0.0358567296361874	-0.0012902588966387	0.999356107787298
-0.0408892008895586	0.0045040587555235	0.999153535101257
-0.0608204771094424	-0.0504248293527549	0.996874217817336
0.0446620111150234	0.0104856507087329	-0.998947123671907
-0.0551109855155851	-0.00889239069203129	0.998440636524416
-0.0808095362946187	-0.115815313518864	0.989978096726577
-0.045425038392522	-0.00748178323570919	0.998939732319549
-0.0798386700214285	-0.0642889550022168	0.994732485160675
-0.0377801836634127	0.0416945610862011	0.998415855892818
0.0280536540875882	0.0320166291894	-0.999093553150896
-0.0377801836634127	0.0416945610862011	0.998415855892818
-0.046047236280025	-0.0307476473701918	0.998465940436713
0.05795847307115	0.129306651732477	-0.989909392427912
-0.066217826011123	-0.0167220116612359	0.997665060952002
0.0323302379422562	0.0147875529193221	-0.999367842184876
0.0566633581618607	0.0262233347438278	-0.998048896876668
-0.0377801836634127	0.0416945610862007	0.998415855892818
0.0604275889257822	-0.00695476072756969	-0.998148354604584
0.0615747303383447	0.139090653293822	-0.988363466924015
0.0579584730711499	0.129306651732477	-0.989909392427912
0.01249424079167	-0.0655338295326353	-0.997772123850846
-0.0747743153181807	-0.093047561859646	0.992849914640009
0.0536492953406228	0.0609716791603584	-0.996696647656558
-0.0668386277942307	-0.129791693655241	0.989285961738409
-0.0618467756496473	0.00998873376567233	0.998035671476476
-0.0494725772616173	-0.0346553269471871	0.998174069194986
-0.0494725772616173	-0.0346553269471871	0.998174069194986
0.0462416053442185	0.0278153510070096	-0.998542948592371
0.042223556579356	0.0206254283104288	-0.998895271275624
0.0604275889257822	-0.00695476072756969	-0.998148354604584
-0.0656815384267706	-0.132642136318047	0.988985338204201
0.028517608542047	0.00499373347744804	0.999580816457078
-0.0263281534504878	0.0671164196717025	0.997397721346074
-0.0834456872655635	0.00421485001872082	0.996503413098067
-0.0831125724326118	-0.00542411245471388	0.996525403242543
-0.0831125724326118	-0.00542411245471388	0.996525403242543
0.0803505367176185	0.0392509926625101	-0.995993549589654
-0.0651928011688838	-0.0188731277523918	0.997694193490469
-0.0256011935489442	0.0806882419028319	0.996410551182343
-0.0651928011688838	-0.0188731277523918	0.997694193490469
-0.095310304532062	-0.125140624440162	0.987550388569987
0.0249321954255677	0.00550449731420532	0.999673989929006
0.0127271058420714	-0.00440872648416225	0.999909287839488
-0.0861219695196047	0.00499331352781095	0.996272087928833
-0.10559305529088	-0.00290901477571069	0.994405171098467
-0.0980457332261756	-0.00285045555698288	0.995177827877641
-0.0980457332261756	-0.00285045555698288	0.995177827877641
-0.0602729904607044	-0.116826167133109	0.991321750640987
0.265111048560624	0.0908266579742814	0.959930544431372
-0.0912815519320849	-0.0975844459187416	0.991032266978024
0.0876758147283142	0.0117168881658454	-0.996080150411319
-0.0379527523231921	0.101503347598027	0.994110989285145
-0.0974350376313648	0.00430548221843062	0.995232573956782
0.265111048560624	0.0908266579742814	0.959930544431372
-0.0840540693262609	-0.0405381800755658	0.995636263595224
0.0534060292758977	0.0150128000997213	-0.99846002016613
0.0612587633820125	0.0544111275898259	-0.99663774416952
0.265111048560624	0.0908266579742814	0.959930544431372
0.0460483480715725	0.103224525294163	-0.993591589647212
-0.0355380313960209	0.0584223576951262	0.997659198547198
0.139272951764397	0.066180388507092	0.988040080707196
-0.0912815519320849	-0.0975844459187416	0.991032266978024
-0.0662254782945064	-0.0646483113917473	0.995708181074586
-0.0355380313960209	0.0584223576951262	0.997659198547198
0.0876758147283142	0.0117168881658455	-0.996080150411319
0.0283845526686148	0.0666542725471838	-0.997372310183619
-0.00238834514308198	-0.00735760567002882	0.999970080275546
0.0854804472842624	-0.0106475377559002	-0.996282953317891
0.103292599042215	-0.0285134285297144	-0.994242235763793
0.0879770086487061	-0.0202593872051302	-0.995916463956339
0.308219150076302	0.0689557856831012	0.948812971637228
-0.0698180022338889	-0.108605395840984	0.991630129916539
0.139272951764397	0.066180388507092	0.988040080707196
-0.0572210223292556	-0.117760986858788	0.991392003486835
0.0861989755521915	-0.123227050412338	-0.988627751310081
0.348586331378193	0.0810618014612972	0.933764720858601
-0.0690179105879432	0.101773485807495	0.992410542872589
0.144404131733203	0.0166619198790536	0.989378505509557
0.0231139280390918	0.0170982190221119	-0.999586613174104
-0.271098376745475	-0.123413428735463	0.954607142092351
0.308219150076302	0.0689557856831014	0.948812971637228
0.00806394266864132	0.0034584150018961	0.999961505356237
0.0556567269308417	-0.0573812936807672	-0.99679973710012
0.308219150076303	0.068955785683101	0.948812971637228
0.362399804711346	0.123339083226928	0.923825661093
-0.0855905240187055	0.128122919631014	0.988058085166772
-0.236767613209324	-0.0382281240967933	-0.970813940908967
-0.0785882947888457	-0.0611427896857658	0.995030370989561
0.330619547120348	0.0247151518250742	0.943440446627237
-0.0629618947801154	0.110130509053016	0.991920899457926
0.154617903228087	0.0207171969639369	0.987757106656949
0.330619547120348	0.0247151518250742	0.943440446627237
-0.0994650980462264	0.0838056373690715	0.991505577097688
-0.0195421189495097	-0.0202469624392119	0.999604004643313
-0.36627717485678	-0.104477025744845	-0.924621859070207
0.0824477725188458	0.0134534000578901	-0.996504576423793
-0.271098376745475	-0.123413428735463	0.954607142092351
0.181624807235428	0.0520719736424207	0.98198825805489
0.00462514945826333	-0.00845069859308203	0.999953595766212
0.293100278267824	0.0648502332004433	0.953879800673634
0.0694358994171707	0.0845818921296293	-0.993994245152305
-0.22502374070016	-0.0429846477120964	-0.973404662091966
-0.102611419802774	-0.0408619898793516	0.993881881467389
0.189266961569957	0.0230061967704578	0.981656117063524
-0.115601527094098	0.143326922861185	0.982900646106541
-0.0766676757891717	-0.00397389840372223	0.997048782969301
0.0563337772913907	0.104634616609335	-0.992913945185131
0.135789287822151	0.00326209014251178	0.990732369553279
-0.353099963435783	-0.0628909843939498	-0.933469410266672
-0.040030656373569	-0.0729948153381452	0.996528626525125
-0.121806390085611	-0.0486618442614325	-0.991360291845194
0.0824477725188458	0.0134534000578901	-0.996504576423793
-0.168870483819355	0.0186863404543242	-0.985461100386536
-0.0242987243666946	-0.0949686468639866	0.995183665514549
-0.0836144706880383	-0.0803580815084854	0.993252837412426
0.0824477725188458	0.0134534000578901	-0.996504576423793
0.232351518467393	0.186075367991765	0.954666815853901
-0.0766676757891717	-0.00397389840372223	0.997048782969301
0.303282661277463	0.136358824159142	0.943093790904381
-0.345695554537575	-0.0675869617064081	0.935909496789222
-0.329208690685097	-0.0854307152359036	-0.940384618585229
0.161817920468259	0.0590739934843327	-0.985050873767005
0.0694358994171709	0.0845818921296292	-0.993994245152305
-0.13551910104848	-0.115566647796022	-0.984011647882383
-0.378139996732968	-0.0875744658521876	0.921596905269052
-0.345695554537575	-0.0675869617064081	0.935909496789222
0.164303402696722	0.0504193693506888	-0.985120438858396
0.108958062125125	0.0709853221524928	-0.991508560092572
-0.124635689509135	-0.0827270458023286	0.988747784216684
-0.0409981720276566	-0.0424235637925327	-0.998258178591857
-0.117960334573698	0.124285113516027	0.985209911656176
-0.00706065915611043	-0.0104760524079307	0.999920196524817
0.366886773294948	0.100871036290578	0.924780584581492
-0.0549469977338144	0.0221765725471234	0.998242969957767
0.109766370831471	0.159125797929842	-0.981137260666253
-0.295174233057113	-0.0988341701174557	-0.950317830494798
0.0823648525277006	-0.125253679674021	-0.988699927579753
0.305233989725004	0.0797274908645585	0.948934001244026
0.0626794472636323	0.0411273759364756	-0.997185953490775
0.00195849655685429	-0.00223913536656879	0.999995575272234
-0.0738587520167055	-0.0372637708574097	0.996572273411227
0.193738236319984	0.0854842842776702	0.977321816460247
0.366437897262165	0.0644378806641713	0.928208504047228
0.0779546198524678	0.0118855116106343	-0.996886057610102
0.00195849655685429	-0.00223913536656879	0.999995575272234
-0.19873030334334	-0.0606076558440253	0.978178398139192
0.0876964772387024	0.021693335653334	-0.995911003588249
0.106030703060226	0.00627310190282107	-0.994343068664467
-0.169326374978277	-0.0641623045278318	0.983469255957904
0.212909160829256	0.0202581216057475	0.976861964529272
0.144306103367051	0.055171463857723	-0.987993855298106
0.170347810326299	0.0271141328138506	0.985010886903687
-0.105274043636284	-0.0734983690764152	-0.991723431950447
0.193738236319984	0.0854842842776703	0.977321816460247
-0.361509355904473	-0.0858791015977288	0.928404957710965
-0.378139996732968	-0.0875744658521873	0.921596905269052
0.0826758003441264	0.179322380430013	-0.980310254926659
0.374258441969164	0.0725310378996912	0.924483567812867
-0.0849827037740307	-0.184273707871897	0.979194128171936
0.0350466683727967	0.0541401589914374	0.997918119998003
-0.0971423674224552	-0.0766997315082381	0.992310693098752
-0.375261108635522	-0.0633586299341891	-0.924751201328499
0.0387493511129615	-0.0167252698715496	0.999108979609356
0.389309105520598	0.0826745864710579	0.917389411924179
-0.0740702348742111	0.066920807678544	0.995005128532175
0.00195849655685429	-0.00223913536656879	0.999995575272234
0.0137081297504048	-0.0850781312678901	0.996279980105346
0.372360958384133	0.112813305261374	0.921205989357024
-0.0533298428636915	-0.167949224697681	0.984352063940327
0.00282675253122954	0.00237173861935579	0.999993192139851
0.0920740156951749	0.019975587715239	-0.995551782444889
-0.300129505665837	-0.109658346021869	0.94757444402882
-0.0843462822819765	-0.0281932904697324	0.996037571097445
-0.0276788665288928	0.019565559748224	0.999425369509607
0.232014748709658	0.0409190160813217	-0.971851218296366
-0.218606543370158	-0.0497147023656559	-0.974545857086492
-0.0186355469391144	0.0460912148854891	0.998763393552577
-0.158175097879128	-0.0301024299067412	0.986952117442704
0.225160174571578	0.0454732136914164	0.973260028267611
0.0167330740309918	0.0658605044474234	0.99768852764147
-0.280947280223355	-0.0581487297228301	-0.957959994450041
0.332790278822758	0.0669128840323614	0.940623886721756
-0.236216242579866	-0.0288290208863437	-0.971272759988761
0.282861829890164	0.0627606144711221	0.957105161652781
-0.169870810629387	-0.0639097752892243	0.983391808140883
-0.233492233294286	-0.0346049291507994	-0.97174270044581
0.0953476471581805	0.183819341324831	-0.978324729287932
0.128264034092348	-0.0832213741046462	-0.988242146667754
0.0953476471581805	0.183819341324831	-0.978324729287931
-0.0849827037740307	-0.184273707871897	0.979194128171936
-0.155637430661154	-0.0416501496429977	0.986935790825275
-0.357470723453183	-0.109956126058387	-0.927428882565176
0.109911437273651	-0.108537902728203	-0.987997469444028
-0.318860763995949	-0.115028200121248	-0.940795581601437
-0.102278410927964	0.0708332341236645	0.992230708858395
-0.328755043018268	-0.0475057501191466	-0.943219659143973
-0.0276788665288928	0.0195655597482241	0.999425369509607
-0.166652059790758	-0.0194932048184363	0.985823060155018
-0.0147907076933333	0.0377319706276153	0.999178429189946
-0.104826398788712	-0.00625020761567546	0.994470895009879
0.016451997659801	-0.0418704546839015	-0.998987585907635
0.282861829890164	0.0627606144711221	0.957105161652781
0.036036888094415	0.0790809412113223	0.996216616722288
0.282861829890164	0.0627606144711224	0.957105161652781
-0.193627625892703	-0.0211638953988553	-0.98084679334884
0.143554237133273	0.0344936266043142	0.989041137023515
0.107408947988961	0.0758019738195911	0.991321027042682
0.128005649571918	0.114673902627962	0.985121540589659
-0.15427059872752	0.0507870886015396	0.986722480740979
0.143951447424589	0.0574248855605536	0.987917184435377
-0.165243064642527	0.0809072547322744	0.982928657492105
0.218917437896846	0.0441965922303856	0.974741923085235
-0.10451376600536	-0.00186450057536202	0.994521692248581
-0.157658844921902	0.124128481103212	0.979661068327665
-0.281342660972796	-0.0276763504091741	-0.959208176958878
-0.091390316392459	-0.0226808556219683	0.995556823520356
-0.166652059790758	-0.0194932048184363	0.985823060155018
-0.092893589423847	0.0315554937231418	0.99517587986237
0.0975472462081581	0.0968506021368091	-0.990507191101075
0.00761323320523431	-0.113458994829553	0.993513510311979
-0.0843462822819765	-0.0281932904697324	0.996037571097445
-0.0713969415329932	-0.0340861197991964	0.996865393710088
0.355183556207516	0.11586354608552	0.927588421708826
-0.379068879067432	-0.095819541755567	-0.920394154881653
-0.3548708884668	-0.0982602047152513	-0.929737374040702
0.256625665985232	0.0684873154803217	0.964081301123476
-0.309940537427709	-0.0446185397759897	-0.94970840217789
0.262093989545017	0.0651553669310492	0.962840339207106
0.00339368420955608	0.00136315016674219	0.999993312342192
-0.156953023230792	0.0506423340789436	0.986306799377228
-0.236939471182093	-0.0434542765716596	-0.970552117530833
-0.0751737972872955	0.0169645204053009	0.997026130675033
0.0287727110750774	0.0117206976656869	0.999517261653655
-0.0342814954065161	-0.0555610216693808	0.99786660027468
0.266411597792492	0.0721612193956622	0.961154315901969
0.0957706948005739	0.0227760674173351	0.995142816268306
0.121701737092168	-0.0776936213343784	0.989521292541347
-0.145792044496825	0.102875694803086	0.98395186425974
0.357242734795753	0.0947539690033546	0.929192829176895
0.142772343637347	0.0148898549490933	0.989643546996541
0.0090111305743545	-0.0939115137605562	0.995539766714004
0.137422434916668	0.0887382136055326	0.986529575749087
-0.0142035775095011	-0.156610795406677	0.987558260128495
-0.0521599927161319	-0.0298669578470031	0.998192015590597
0.352277841259076	0.0901190427553353	0.931546499478533
0.147877145883166	-0.0205025335619436	-0.988793201758078
-0.0698677762281828	-0.0223065065220768	0.997306830224134
-0.355931504061533	-0.102763705220362	-0.928844650792519
0.12223935253804	0.0748328627212745	0.989675493961541
0.0771563782325754	-0.0491705211715929	0.995805780835674
-0.152935107880478	0.114388780535374	0.981593632653155
0.135103656390922	0.0151363546944802	-0.990715848665179
0.378048724896178	0.101938569064361	0.920156339836598
-0.32283609710482	-0.134179962185641	-0.936895187389703
-0.142253637266144	-0.0365423610831294	0.989155477430633
0.127695777381144	-0.0403716696004077	-0.990991380756009
0.395069043942899	0.117688742108928	0.911081670597572
-0.080005110177298	0.00470528580335932	0.996783347890116
0.31569523205132	0.0251678498974648	0.948526804993724
-0.0581761195745803	-0.0327753597999039	0.997768166911147
-0.152706646583644	-0.0283492340230922	-0.987864869817468
-0.35991237926338	-0.0990230467719764	-0.927716290393226
0.183354969891601	0.0642040426281406	0.980947906836166
-0.0752898659897115	-0.0393869227751623	0.996383513710235
0.195101446578863	0.0933357455789149	0.97633184119953
0.183354969891601	0.0642040426281404	0.980947906836166
-0.144303259543655	0.0918855950514987	0.985258142167376
-0.148881606614478	-0.0343524801604872	0.988258151658116
-0.144303259543655	0.091885595051499	0.985258142167376
0.339829972725185	0.11465840371113	0.933471499348542
-0.335269024026243	-0.162518895108116	-0.927999078804138
-0.179916491866151	-0.0766596009309628	0.980690247499017
-0.0534140597047714	-0.00563440251204689	0.998556554099059
-0.130313411064037	-0.0232968255922641	0.991199108562038
-0.13354903899261	-0.0176617889292505	0.990884814393665
-0.0066909282663806	-0.0108726277137846	0.999918505402081
0.336390728984641	0.118088435120771	0.934289248008297
-0.060064086784447	0.0172095253307462	0.998046160113169
-0.355610594179025	-0.0909597557699873	-0.930197521034057
0.278441670153813	0.0719670994529226	0.957753085569704
-0.287828637073914	-0.0339973620253578	-0.957078290974929
-0.126803281715466	-0.018644488395642	0.991752645975121
-0.00594615926915058	-0.12163021040538	0.992557673441039
-0.00594615926915058	-0.12163021040538	0.992557673441039
-0.196918207009259	-0.0123829600919589	-0.980341716978126
-0.18273427171182	-0.00355847886685131	-0.983155899728067
-0.192360949623038	-0.0313575363474151	-0.980823108401481
-0.0613053367313509	0.0245796963759098	0.997816362971826
-0.0698198259558766	0.00544970405207265	0.997544732144497
0.219053429964209	0.0615083160140132	0.97377221252305
0.110905199797663	0.0572860223500471	0.992178586899128
0.234216903216258	0.0717099000927388	0.969536039802789
-0.116354791872047	-0.0945005892287336	0.988701775584445
0.200138597823506	0.0692743654609617	0.977315508907549
-0.0523408042529768	0.0049758982264001	0.99861688381831
-0.365458510362705	-0.102803620542795	-0.925133229760323
0.0353217856820438	-0.00823147947113123	-0.999342090678637
-0.0378462210255351	-0.0218097878059349	0.999045542860758
0.233722531170271	0.0603175493129158	0.970430611464954
0.38029884794886	0.13058882312953	0.915597807731328
-0.173296785735772	-0.0322968012081155	-0.984339951787681
-0.0498744229265512	0.00236436286850871	0.998752697981823
0.16625226881069	0.0690327896830649	0.983663894358165
0.30868756588573	0.108985929797144	0.944898964849573
0.360894701659918	0.0751974509807089	0.929569985358716
-0.0549125701135593	-0.0188354690974835	0.998313495224522
-0.0616724946208546	-0.0320377239659772	0.997582120755139
-0.116565847096233	-0.0665939910793774	0.990947851121772
0.00121994723938244	-0.0209428447447063	0.999779930276024
0.17294509691719	0.0509628465321867	0.983612109383389
-0.0511766409910371	-0.0197997488569426	0.998493325647235
0.0967542579681786	0.00586332541444908	0.995291030292201
-0.173296785735772	-0.0322968012081155	-0.984339951787681
0.0355298271261109	0.0246834350075429	-0.999063741420244
0.233722531170271	0.0603175493129158	0.970430611464954
-0.148420189698451	-0.0322161520393652	-0.988399497590753
-0.13774853609978	-0.0395963847115265	-0.989675435241344
-0.305285392077265	-0.130063127529596	-0.943336849826959
-0.035553942092267	0.00924517986290146	0.999324994109025
0.312532515898237	0.125729933274276	0.941549473147941
0.17294509691719	0.0509628465321867	0.983612109383389
-0.23392279143495	-0.0397270226119889	-0.971443200254996
-0.0415105844347236	-0.0271192855068555	0.99876995135691
-0.119386682398125	0.0116649899219252	0.992779304818594
-0.180390073389175	-0.0326941067594081	0.983051634862509
-0.0617254435015576	-0.00101645208202148	0.998092649231373
0.389572346676306	0.0596986464019798	0.919059006986433
-0.186901900976237	-0.0159687979493758	0.982248785646244
0.278162972396812	0.0494436155602472	0.959260491038645
0.368923534246883	0.0691053778650538	0.926887195201723
-0.026925444908161	-0.0276493630725577	0.999254989048431
-0.21642703108521	-0.0274571276607436	-0.9759126222958
0.173115201731042	0.0318759427199369	0.984385621189855
-0.204091378651872	-0.0356257827664099	0.978303384826128
-0.187254557547019	-0.0528689784416847	-0.980887660130559
0.271419929312188	0.0793237929083176	0.959186612631142
-0.173239468342208	-0.07266176288142	-0.982195680515585
-0.173239468342208	-0.0726617628814198	-0.982195680515586
0.0773753967641563	-0.0133639313950481	0.996912460205638
0.0311507721584138	0.0184883486836568	-0.999343689806908
-0.224389544968666	-0.0350281224829934	0.973869787365884
0.180930742578914	0.0222938536156517	-0.983243128875461
-0.0506277687856288	0.0158727277229904	0.998591450765738
0.312301989523643	0.0178262216593941	0.949815610084886
-0.0531278157404396	0.000492356198571089	0.998587598951651
-0.253855744528234	-0.0258877092171875	-0.966895592854525
0.397564585834006	0.131265642068036	0.908136405669931
0.323186980287063	0.117430835506065	0.939020859536825
0.0885141854983813	-0.0276579450257402	0.995690854152288
-0.0813546560356799	0.00937469342474936	0.996641126516716
0.35973528894716	0.0165086532988247	0.93290834825955
-0.0309812506135761	0.00614982411322483	0.999501046409555
0.323186980287063	0.117430835506065	0.939020859536825
0.411841625927979	0.113798727445108	0.904121852841127
-0.116903946020462	-0.0117519530544638	0.99307369263527
0.154762389003302	0.0419510849718164	-0.98706064120685
-0.124075523375425	-0.0329222320013243	0.991726469919587
-0.028426167655972	0.0141877286078066	0.999495203264801
-0.0388812810840246	-0.0153779749800757	0.999125499557877
-0.0282499470524881	0.0394969578407528	0.998820269524431
-0.17518548208298	-0.0163950531200889	-0.984398927823747
-0.127029783839658	-0.06478648457673	-0.989780857277932
0.357623783906165	0.0774523970169285	0.930648352161529
-0.0420975732399231	-0.0242239594010976	0.998819800623838
-0.0397518888733692	-0.0159220617091615	0.999082716936856
-0.17518548208298	-0.0163950531200889	-0.984398927823747
-0.389348849802707	-0.0860438371475806	-0.91706266484152
0.229150980120265	0.0507246926709793	0.972068327775037
0.44694796096279	0.0759219765323293	0.891332358702762
-0.0350793207535038	0.0089153914566524	0.999344763858123
0.172202857788672	0.0419804345970035	0.984166560537626
-0.147207619823882	-0.0776952145898699	0.986049375181396
-0.168026013515825	-0.0796018885053958	0.982563381227061
-0.0373905927518798	-0.0170601146728763	0.999155091094977
-0.389452711184288	-0.112402505384583	-0.914162054853775
0.371020333439912	0.120997236291341	0.920708195349642
0.397766939681884	0.0976041392858835	0.912280052226492
-0.147207619823882	-0.0776952145898695	0.986049375181396
-0.1825590585255	-0.131321288814583	0.974385400780595
0.183164327311081	-0.0196066732693517	0.982886772504335
0.278588956008062	0.0731672668831614	0.957619310920152
-0.0263843730974885	-0.0162712422244258	0.999519440297549
0.168944284015217	0.02012685349322	0.98542008233395
0.277023771912876	0.0682079976842873	0.958439095011813
-0.0648385049097405	-0.0994433852972088	0.992928487556732
0.127897652047172	0.0651703670027949	-0.989643882346342
0.345485156048185	0.0920741622992348	0.933896330214042
-0.293393297637838	-0.0681188328945778	-0.953561847761474
-0.123478379700132	-0.084255741543106	0.988763904966019
0.180768151259423	0.068824969986935	-0.981114671685501
-0.0834418046571723	0.0265859830937954	0.996157944674684
-0.0256176222966247	0.0035381864083969	0.999665553405142
-0.0569873213686615	0.0213286140756434	0.998147051002425
-0.0263843730974884	-0.0162712422244259	0.999519440297549
-0.0213593221899903	-0.0141494169826385	-0.99967173279764
-0.010881284311049	-0.00606386299526047	0.999922410598601
0.363539851198301	0.118790965213961	0.923973745933429
-0.0208482296297356	0.00287145544980637	0.999778528507642
-0.0383822207652213	0.0386436195734119	0.998515636229797
-0.175517830613081	0.00154058630332593	0.984475046779104
-0.159073201171506	-0.0147127902414823	0.987157155914072
-0.0263843730974884	-0.0162712422244259	0.999519440297549
-0.0292145225022233	-0.0445769491024785	0.99857869358588
-0.031410831726359	-0.00378154660621979	0.999499404479824
0.17974745919955	0.0261039832491579	-0.983366377791021
-0.207322225730814	-0.014964401596449	0.978158249672762
-0.0201052247764873	0.00283973000135194	0.999793836683446
-0.00127512432718836	0.0101248629811225	0.9999479292481
-0.0352575396833208	0.00191827756469476	0.999376418626467
-0.118101928372057	0.203840622175716	0.971854379660769
-0.0791609383979424	0.127747578673064	0.988642555211502
0.11481167172729	-0.17022940296343	-0.978693123712381
-0.137053636237543	0.191417432292048	0.971892827120762
0.0839656642666871	-0.0567451478361513	-0.994851624827194
0.106854497082186	-0.184551443656168	-0.976996868519924
0.0581473322678657	-0.0152214915256469	-0.998191962473083
0.0910442519311974	-0.0407802908974337	-0.995011513533692
0.0973289214474169	-0.0620562954239279	-0.993315708749308
-0.100427545627498	0.129242724719029	0.986514382148805
0.114822734739441	-0.140025551737025	-0.983467632638562
-0.136443309446671	0.190698891121553	0.972119928934826
0.0569075189307008	-0.0346261860750009	-0.997778813929746
0.0581473322678657	-0.0152214915256469	-0.998191962473083
-0.0976404071448741	0.09145103755444	0.991011129414196
-0.171454153801266	0.133980223014792	0.976039329630316
-0.0675757803554796	0.029891730807478	0.997266262509006
-0.0673060477275899	0.0448288184709582	0.996724772930717
-0.0520241643627605	0.0393296073435296	0.997871067978504
-0.0820700938502905	0.0588425190011432	0.994887962362096
-0.12425204455183	0.0785630919068045	0.989135617604953
-0.12425204455183	0.0785630919068047	0.989135617604953
0.131288187706757	-0.0847998649467251	-0.987710683689152
-0.16126869574774	0.166497963905302	0.972764532549996
-0.169481455905723	0.123132620917396	0.977811021501644
-0.0547972693463666	-0.0312257381355024	0.998009124482374
-0.0560997136061417	0.0461785472124528	0.99735668840724
0.153171550696899	-0.126780463207524	-0.980033259744787
-0.0414396383077223	-0.0794681199572203	0.995975689606624
-0.0670161751807771	-0.0087143083641594	0.997713833267773
-0.0483455579963507	-0.0048785343628007	0.998818755793308
-0.0673139485491613	0.031527882263524	0.997233585962034
0.130072580408872	-0.102518216892591	-0.98619021442668
-0.145039647440034	0.136589199039151	0.979952494448743
-0.145039647440034	0.136589199039151	0.979952494448743
-0.0435365650577374	0.037338630458105	0.998353842171445
-0.0874843438052413	0.0477407386226646	0.995021261815409
-0.121712521191905	0.0633065935478749	0.990544465129393
-0.147175828900759	0.151323461498313	0.977466360233202
-0.0569875614503586	-0.0298320837020834	0.997929087972654
-0.0636143179265561	-0.0103139202524333	0.997921260222351
-0.0846836570961625	0.0748985525153291	0.993588891369025
-0.127887881142208	0.117335052132325	0.984823423461313
-0.0597721173615312	-0.018982461524722	0.998031542658137
-0.0728478568385001	0.0435410832338929	0.996392173707148
-0.138295319436206	0.0501567356145479	0.989120167873717
-0.0265311539467583	-0.114107671689895	0.993114060484376
-0.0611186343259342	-0.0973987224606178	0.993367002371818
-0.0724879445332309	0.0392072036403743	0.996598360965966
-0.0606848436003496	0.0265828996788735	0.997802936055945
-0.0910154515309605	0.0632194573369738	0.993840775877421
-0.0439803914748481	-0.0426232943649525	0.998122727896323
-0.0437991777380412	-0.0245442083283015	0.998738811635459
-0.0511735238346589	0.0049042326002271	0.998677735288489
0.0671043011440205	-0.0418943971496907	-0.996866025228785
-0.0690687977682555	0.0627834899270352	0.995634337780407
-0.030857983378326	-0.0821552897195483	0.996141703390095
-0.0576069358923746	0.0130440084735776	0.998254123347374
0.0756920232635751	-0.0426284006421964	-0.99621962291101
-0.0505967112997674	-0.00213150127517779	0.99871689157036
-0.0576069358923746	0.0130440084735777	0.998254123347374
-0.0356967913111547	0.0156877233412365	0.999239528054438
0.0545054893167399	-0.0259057277101015	-0.99817736144743
-0.0677991708492575	-0.0459508474871137	0.99664025207061
0.0248027143126281	0.0520901168122405	-0.998334335327206
-0.0631762522591002	0.0222373852150972	0.997754609034351
0.0487195962512463	0.0112723653678666	-0.998748884715337
-0.0289664354078586	-0.0999970595662973	0.994566002685522
-0.0129987009602725	-0.0807157105783121	0.996652400709085
0.036476758110758	-0.00968607902101459	-0.999287559209524
-0.0697798386802822	-0.00149834283438759	0.997561290890191
0.0487195962512463	0.0112723653678666	-0.998748884715337
0.0487195962512463	0.0112723653678666	-0.998748884715337
-0.0516658458317043	-0.0712891564703696	0.996116708294886
-0.0288092640040466	-0.0448775062351553	0.998577005414033
-0.0388383182397006	0.0023532754308932	0.999242736841784
0.036476758110758	-0.00968607902101459	-0.999287559209524
-0.0345010189694563	0.0291988321673146	0.9989780317355
-0.0716055575090388	0.0235191352877355	0.997155702189551
-0.0710434371106229	0.0187125533905168	0.99729768393851
0.0487195962512463	0.0112723653678666	-0.998748884715337
0.0487195962512463	0.0112723653678666	-0.998748884715337
-0.0387594086527282	-0.0685222741821117	0.996896386883713
-0.0381222620671543	0.0278906012644777	0.998883780775316
-0.0273051812984462	-0.0309900448068684	0.999146658002281
-0.0230259291228773	-0.0455922399879525	0.998694725249367
0.0237590325103258	0.0227871478978261	-0.999457980239718
-0.0190808081176862	-0.0592170931182287	0.998062752858859
-0.0346300624228779	-0.00657910276415948	0.999378543987916
0.0374789087145589	-0.0158494674747456	-0.999171719867177
-0.0217007493248069	0.00588083604981118	0.999747214672838
-0.00769494018009514	-0.0199752769195702	0.99977086185166
-0.0543502104718765	-0.0203585044930614	0.998314372287842
-0.0237498170813357	-0.00470363579005645	0.999706868036305
0.00100770002511491	-0.00896484919175113	0.999959307181862
-0.0146741033416443	-0.0282616969626918	0.999492844984849
-0.0533214766547917	-0.018760973024559	0.998401144840351
-0.0142124890990575	-0.0582833695827358	0.998198905020283
-0.0183508640412953	-0.0458950195722983	0.998777699474411
-0.0312384723786415	-0.0175595058048795	0.999357704527932
-0.00670885166691109	-0.0187855765367462	0.999801026916603
-0.069824175111648	-0.00497201806309847	0.997546923009819
-0.011880756510102	-0.0407139769403161	0.999100205037739
-0.0135499249759731	-0.0120391203311088	0.999835716062793
-0.0196454308511646	-0.00559219997171492	0.999791370409921
-0.0281717729821404	0.017404831271061	0.99945156113514
-0.0303307363711424	-0.0423476641816645	0.998642439399378
-0.072708900092652	-0.00661112203066087	0.997331293459106
-0.00874762676931966	-0.0326485902995793	0.999428611046009
-0.0179590822478675	-0.0505460293995224	0.99856024869647
-0.026151826922622	0.00648706321772564	0.999636934071275
-0.0197910697392041	0.0140979308774295	0.999704737361764
-0.0760579682752014	-0.0180869509190262	0.996939340014377
-0.0157676092994468	-0.0360282425113573	0.999226374871341
-0.0222905382516687	-0.0405512888560302	0.998928788691449
-0.0115453465006674	-0.0527130072875704	0.998542960436295
-0.0142521841718088	-0.0835662026173444	0.996400303606161
-0.0163309681790377	-0.0395158002948177	0.999085482331415
-0.0108496178998785	-0.0329257877183772	0.999398908491775
0.106112894100822	-0.0428082882753142	-0.993432183976584
-0.0140976398760498	0.00513530070254932	0.999887436283015
0.00990358424979788	-0.0825025080662777	0.996541647489849
0.00990358424979788	-0.0825025080662777	0.996541647489849
-0.0807716487661514	-0.0215726341122094	0.996499153142168
-0.0217905567587364	-0.0451691273857617	0.998741669085331
-0.0324410253780488	-0.0121540129762918	0.999399749770327
0.106112894100822	-0.0428082882753141	-0.993432183976584
0.106112894100822	-0.042808288275314	-0.993432183976584
0.113197834139886	-0.0310646487103711	-0.993086722268776
0.0472853154742882	-0.0114064476125759	-0.998816295368352
0.0226662302959936	-0.0533697469287135	0.998317540723859
-0.00979803849512043	-0.0595353113106902	0.998178112938161
-0.0807716487661514	-0.0215726341122094	0.996499153142168
-0.0202014503195398	-0.0563398217457719	0.99820725597976
0.106112894100822	-0.0428082882753142	-0.993432183976584
0.106112894100822	-0.0428082882753139	-0.993432183976584
0.0011760102356514	-0.0919849486184401	0.995759703054702
-0.0638652622986646	-0.0141624679432926	0.997858032373984
-0.0638652622986646	-0.0141624679432926	0.997858032373984
-0.0330926242827394	-0.0446487467337951	0.998454489515262
0.011520730572735	0.0988766721928749	-0.99503300270048
-0.0169371749973321	-0.0826014437589679	0.99643872545784
-0.0412668866428634	-0.0385329647212197	0.998404855104681
-0.0273875830569313	-0.0124818551661172	0.999546959169959
0.0153481091704559	0.0227424576696774	-0.999623537219905
-0.0277657788059357	-0.0461070838070923	0.998550548720547
-0.0791500827699227	0.0171068745229516	0.996715917020277
-0.0423057684435181	-0.0754580496837071	0.996251125316471
-0.0700430101200447	-0.0231780022702228	0.997274664745919
0.023978211525853	0.0386033624784747	-0.998966879219415
-0.0206142938315842	-0.0662574488515503	0.997589595656204
-0.0328821302907918	-0.0790789401200785	0.996325893840476
-0.070756962349123	0.0345560169019631	0.996894845996806
-0.061239012943338	-0.0163543008465665	0.997989138286357
0.0271206531748469	0.0403795268261059	-0.99881628139747
-0.0286136986108532	-0.0694899140929544	0.997172205835663
0.0534099929957223	0.06143661849044	-0.996680949229319
-0.0381298301511767	-0.0161325473869453	0.999142560882805
-0.0359107102357767	-0.0428688932201043	0.998435115009706
-0.0442084045455326	-0.0388282721167857	0.998267490331105
-0.0351088492084693	0.0129861030387235	0.999299119300685
-0.0353442716712184	0.0136058984251964	0.999282573643749
-0.0768491402730867	0.00862292756265165	0.997005443696039
-0.0358230158711775	-0.046348335979385	0.998282797250276
-0.0358230158711775	-0.046348335979385	0.998282797250276
-0.0516958596911033	-0.0256657504761927	0.998333014250902
-0.0610329610406134	-0.075080015000026	0.995307976967034
-0.0307816081656651	-0.0100793361641212	0.999475312141939
-0.0659260320350438	0.0269005053939183	0.997461839425282
-0.0655740620183155	0.0118627357848658	0.997777188499575
0.029763234931337	0.0636249168479893	-0.99752995935085
-0.00915070524378109	-0.069337387472701	0.997551297574216
-0.0551459751575086	-0.0588584443393973	0.996741995179231
0.0733572159169788	0.0393576832210463	-0.996528821281342
-0.0440237098662829	0.0034478092479781	0.999024537026493
-0.0541508624688165	0.000720324163742427	0.998532505843942
0.0286035991262026	0.0360168257927161	-0.998941751243207
0.0810509964668779	0.0428779619331169	-0.995787234479429
-0.0333696141054245	-0.0038219510743252	0.999435771595374
-0.0742684684554615	0.040394964659999	0.996419811838061
-0.0177244439764196	-0.0586095614265782	0.998123621299041
-0.0599230802409745	-0.0435474540798166	0.997252647876956
-0.0785060046870495	-0.0420872713602647	0.996024833434149
-0.0576399140063699	-0.00284686713688019	0.998333379017673
0.0942875899196771	0.0413232278896217	-0.99468700666286
0.108396343858	0.0462445741465018	-0.993031556396989
-0.0925572639225227	-0.0347850993560937	0.995099567760917
-0.021905820305878	0.00361452829519582	0.999753504731006
-0.0627023744372294	0.024298916580945	0.997736425561844
-0.0648601772407133	-0.0242250217295275	0.997600273521668
0.0521664628124785	0.0547718770534248	-0.997135247417159
0.0984030571394542	0.0405400104845234	-0.994320544842318
0.0843702872669552	0.0580501263793923	-0.994742095949412
-0.0969565533768969	-0.0306819323905329	0.994815583805388
-0.0280665796849172	-0.0199593613061037	0.999406769539332
-0.0456310374463009	0.0018509284849782	0.998956646949865
-0.069445336338336	-0.0410355716624492	0.996741404336748
-0.0665542627636388	-0.0512193651251306	0.9964673134349
-0.0766298572762612	0.0160984054376742	0.996929639601604
-0.0842038324231769	-0.0133111341806173	0.996359638038432
-0.0780864323730297	-0.022361246221174	0.996695782948182
-0.0225801520957605	-0.0146532050282645	0.999637644506114
-0.0242701346246058	-0.0178647205781328	0.999545803014533
-0.065479772182964	-0.00455146421573641	0.997843516593839
0.0749246409321394	-0.0325240268015578	-0.996658660656597
-0.0777983866213914	-0.0317680975893118	0.996462843770236
-0.0857499366583787	0.0013986857666221	0.996315709020595
0.0831622232096073	0.0396317527019986	-0.995747643134847
-0.0653410601299271	0.0100310953477908	0.997812569066566
0.0400017394168066	0.0070786822704425	-0.999174535854945
-0.0775296994216548	-0.00567752979852972	0.996973876971194
-0.0433869904174343	0.00152046951634338	0.999057184166636
-0.0474556076376618	-0.0158348431622765	0.998747827554967
-0.0609386819726442	0.00495959687630138	0.998129189753642
-0.0603797201448281	-0.00772952292567158	0.998145552447424
-0.0486515667792514	-0.049190986768204	0.997603764964174
-0.0486515667792514	-0.049190986768204	0.997603764964174
-0.052133073626033	-0.0544380261673306	0.997155275742604
-0.0512972327527448	-0.0378043653087318	0.997967646707805
-0.0994288224931631	-0.00426429981175308	0.995035539568682
-0.0455783983112	-0.00757676842474936	0.998932030814721
-0.0310976448248649	0.00138880674860456	0.999515386425923
-0.00882812356489221	-0.123765125944164	0.992272270011789
-0.0216584526859832	-0.118523847259235	0.992714968688454
-0.0454429775134735	-0.117307291771199	0.992055409285196
-0.0670214782811571	-0.0905676248080298	0.993632541126568
0.0908791060871636	-0.0376558624738516	-0.995149749584528
0.0908791060871636	-0.0376558624738516	-0.995149749584528
0.0908791060871636	-0.0376558624738516	-0.995149749584528
-0.0662553233496803	0.00691730008961033	0.997778724511251
-0.0677991708492575	-0.0459508474871137	0.99664025207061
-0.0675218930700313	-0.0452953917832408	0.996689079622849
0.0944962838758936	0.00334767124313871	-0.995519585659114
0.0902184664490796	-0.0170394546595958	-0.995776222500055
0.0902184664490797	-0.0170394546595958	-0.995776222500055
0.0908791060871636	-0.0376558624738516	-0.995149749584528
0.0473422582017298	0.01258430747307	-0.998799452239429
-0.0644187284257842	-0.020973060420971	0.997702539920884
0.0902184664490796	-0.0170394546595956	-0.995776222500055
0.0902184664490796	-0.0170394546595956	-0.995776222500055
-0.0498998702469014	-0.0296835386896629	0.998313022293209
0.0902184664490796	-0.0170394546595959	-0.995776222500055
-0.0812091886783685	-0.0656236825074881	0.994534363392416
-0.0757254253880909	-0.0872194855561587	0.99330681125678
-0.0695815117300118	-0.0863097025937758	0.99383552384866
-0.0812091886783685	-0.0656236825074881	0.994534363392416
-0.02405159179854	-0.108120958277788	0.993846758465836
-0.0541141304905713	-0.0195141777947993	0.998344057800838
-0.0447256848840152	-0.0242875985288678	0.998704023056559
-0.0912444644650161	0.0272124715077403	0.995456643505348
0.0878018357754751	-0.012178103933454	-0.996063517763321
-0.0613230352925326	-0.0375990994678178	0.997409541292703
-0.0303923438590287	-0.120977466973384	0.992189879972306
-0.0396440985102797	-0.0138531199250981	0.999117829148118
-0.0701265595769918	-0.00538478197693504	0.997523568526055
-0.0038502894679744	-0.0244403084845123	0.999693876440281
-0.00141637391765936	-0.0937188758997001	0.99559769293878
0.0138622751588977	-0.123404922809989	0.992259574080129
-0.0220472302055341	0.115254910050186	-0.993091247242462
-0.0472334860046499	-0.00519705331133101	0.998870356170773
-0.0961313825281192	0.0202313560517009	0.995163026606968
-0.0504919132571491	-0.0256390218360854	0.998395316122287
0.0170446843769503	-0.0841919841707294	0.996303763184645
0.0171054807428197	-0.140728596150205	0.989900431737531
-0.0220472302055341	0.115254910050186	-0.993091247242462
-0.0196293760525153	0.0689334999896109	-0.997428122811349
0.0533265589621787	0.0128258471191138	-0.998494754996204
-0.0617302770133647	-0.0200153438198018	0.997892157956775
-0.0607468642835611	0.00140803486758417	0.998152210796293
-0.0607468642835611	0.00140803486758417	0.998152210796293
0.0732576960573778	-0.0320167246170485	-0.9967989964447
-0.0263540273800149	-0.0867566498036915	0.995880890948156
0.0413148454556592	0.0152704405064073	-0.999029477639031
-0.0610296859916429	-0.0267862351462181	0.997776465464311
0.0877108879378557	-0.0127578347853937	-0.9960642739245
-0.0823552035894354	0.0307548152443706	0.996128386193781
-0.10994344203907	0.0343340342560604	0.993344660047209
-0.0510186132026822	-0.0296367175359368	0.998257865524019
0.0481568260844712	0.0181234931113372	-0.998675352203564
-0.0672656284660962	0.0531004259508783	0.996321072742565
-0.0328515854757723	0.0292339299217689	0.999032607412319
-0.0481637963677197	-0.00107217417119182	0.998838875475917
-0.103822519792664	0.0290458071170648	0.994171627775013
-0.0164576842892041	-0.106154499757654	0.994213441273572
-0.0680939583751004	0.0666567465829298	0.995449692836252
-0.036588484262313	0.030263096845931	0.998872077790084
-0.0227987988070558	-0.0796473828593116	0.996562345855299
-0.060246756713013	-0.0875752538621195	0.99433440210854
0.0672158147938649	-0.00130424536235707	-0.997737607382639
-0.056888224102509	0.0724252046854875	0.995750129141206
-0.0511725877869745	0.00187744352749786	0.998688060139394
-0.0722167898367129	-0.0119179561273672	0.997317751565381
-0.0920483083952779	0.0677142442102686	0.993449490438542
0.0230689603763088	-0.000520082061102767	-0.999733740843934
0.0406500542404942	0.0989761478490527	-0.994259169053626
-0.0535556404737279	-0.0880572447061128	0.994674677986836
-0.0589700550134173	0.0722104088157179	0.99564461002427
-0.0699693325783384	0.0368985362706219	0.996866485804206
-0.0685400993268299	-0.00855233352426224	0.997611704209387
-0.0122383136024818	-0.0247436246571523	0.999618915746893
-0.104624553937929	0.0706429728423485	0.991999633619532
-0.0985608076572236	0.0592509939553812	0.993365535394326
-0.0341694611153718	-0.0876710295568637	0.995563276996256
-0.0778742336165816	0.0593257833255347	0.995196490735092
0.0899017185458002	-0.0311167667205116	-0.995464428209955
0.0870177153260716	-0.0254977771090357	-0.995880404758487
-0.0465002051577443	-0.08713827707445	0.995110371561258
0.0861132318924405	-0.0125220520836899	-0.996206660038294
0.0861132318924405	-0.01252205208369	-0.996206660038294
-0.00959410181546181	-0.00499840917942847	0.999941482845886
-0.101386528553954	0.0747403849638075	0.992035607568216
-0.0261337510915624	-0.0671548662762516	0.997400246134571
-0.047711447247652	0.00427995657603961	0.998851990924202
-0.00959410181546181	-0.00499840917942847	0.999941482845886
-0.0525326974719159	-0.0471894253613032	0.997503620961044
-0.057544863946785	0.0290859470638368	0.997919133154959
-0.0671978272612222	0.0316002740299617	0.997239126134049
-0.066485383276201	0.0255981738956892	0.997458985273993
-0.0483651109674914	-0.0340922924344621	0.998247730594799
-0.0474832369652276	-0.0765230921099193	0.995936523369457
-0.00495398561493415	-0.0110182397085205	0.999927025547491
-0.0737686147357777	0.0329516553814075	0.996730846260709
-0.0537138449691304	-0.0220650184260709	0.998312555175226
-0.051197315777965	-0.0779820982058873	0.995639305781234
0.0794090131329449	-0.0119573692399381	-0.99677039981839
-0.0614760747534305	0.0503906087602093	0.996835733098331
-0.0142268569943228	-0.0235258598264936	0.999621993785395
-0.0329535914154408	-0.064102203160279	0.997399101845806
-0.0702418169459493	-0.0244447575298819	0.997230435246256
-0.115528068470766	-0.0223190333315352	0.993053435695462
-0.0440494656716627	0.00717938952018469	0.999003554017781
0.0385716482462835	0.0129238448631848	-0.999172258514775
0.0873923740783687	-0.0151561046660985	-0.996058665663974
0.0877874161599619	-0.0303873272639952	-0.99567563990775
0.0708484535029063	-0.0514650513708719	-0.996158544170374
-0.0142268569943228	-0.0235258598264936	0.999621993785395
0.0489927487276262	0.0201365665045146	-0.998596129204155
0.0497748574826644	-0.0195256956487587	-0.998569582338664
-0.0868584118026594	0.0332551885805616	0.995665460248366
-0.00823830994269449	-0.08166254189784	0.996625987770774
-0.0255707307984892	-0.0918960427926582	0.995440231779629
-0.0213508924644439	-0.0821650138611198	0.996390008926311
0.0940046660576349	0.0220617071823777	-0.995327284784051
-0.0724236176854776	0.0209508854579659	0.997153889828383
0.0877874161599619	-0.0303873272639952	-0.99567563990775
-0.0869403597420603	0.0451706469765777	0.995188920004457
0.0926666848333285	-0.0547355826977381	-0.994191581893922
-0.0667584552199431	0.0587895670680209	0.996035689852829
-0.0911468058891108	0.0228495613517136	0.995575289630195
-0.0788854162942423	-0.0458431774843167	0.995829048669612
-0.0417877739821065	0.00154053824694994	0.999125321812799
-0.0734214075356957	0.00715911405546985	0.997275310033001
0.0515219681065883	0.0379488917892648	-0.997950584154541
-0.0933517489230381	0.0155396240910502	0.995511914070404
-0.0769359786034315	-0.0242010480507873	0.996742275851474
-0.0674577778206075	0.0552974892253094	0.996188554389621
-0.0860545756929917	0.0382323889955061	0.995556575205044
-0.107023845374839	0.0128237071230186	0.994173751945205
-0.0787143969796773	0.000499049961283027	0.996897083282553
-0.0701379981833965	0.0144164871107025	0.997433118615084
-0.109897228213909	-0.0327386761826504	0.993403633128401
0.0794153734506216	0.0175601268499312	-0.996686931992545
0.0865142263694301	0.00251377589671257	-0.996247443944746
-0.0760172650466299	0.018464958529065	0.996935514825984
0.0735181835186593	-0.0255400941763803	-0.996966789959213
-0.0207070896046887	-0.0300234737519406	0.999334682408236
-0.0377246635577855	-0.0880190864940476	0.995404184325244
-0.0748047853897367	0.000700601481110223	0.997197950880546
-0.0703378652124018	0.00919586203805547	0.997480837329088
-0.0818650083403473	0.0645560062724008	0.994550472557121
-0.0394127866935273	-0.0811217713675776	0.995924640951933
-0.0494533594647333	-0.028863747268432	0.998359278682417
0.0628295556241357	0.00872497883232437	-0.997986133012102
-0.0474714962091209	-0.0702252565925224	0.996400958642745
-0.0474714962091209	-0.0702252565925224	0.996400958642745
0.0736964161960302	0.018557594071265	-0.997108045269994
-0.0630203806395193	0.0271591107006978	0.997642628564957
-0.0818493226493768	0.0542706350032714	0.995166009547241
-0.109897228213909	-0.03273867618265	0.993403633128401
-0.075977681501428	0.0349097766746294	0.996498218466142
-0.0584015295464561	0.0221717964743154	0.998046929150997
-0.0661908887339548	-0.070379073603426	0.995321833502778
-0.0457283950768416	-0.0638463776430208	0.996911507580067
-0.0862078264740401	0.0573317548782991	0.994626201412972
-0.0824803523977672	0.0704617824324219	0.994098651384653
-0.0812589082839078	0.0151767567973237	0.99657747108673
-0.0578846881517348	-0.0028204585764886	0.998319291555059
-0.113571132219531	-0.0341687552649036	0.992942140353616
0.104736214868922	-0.00411620593909903	-0.994491519392497
0.076031568085083	0.0204587458473565	-0.996895501230132
-0.101599549656249	0.00775456086212839	0.994795153936469
-0.0812091886783685	-0.0656236825074881	0.994534363392416
-0.101599549656249	0.00775456086212839	0.994795153936469
-0.07177813670178	-0.0315749826737338	0.996920718794015
-0.10298560193695	0.0128826861553814	0.994599417952326
0.103350200545381	0.110411091022955	-0.988497914528074
0.103350200545381	0.110411091022955	-0.988497914528074
0.100877137974659	0.0944952874842271	-0.99040115290589
-0.065943982755036	-0.0301126344288123	0.997368848714537
0.118919027627449	0.0759296933397212	-0.989996437638782
0.0966553645238526	0.0953356821124257	-0.990741564801295
-0.0854404069407837	-0.072671637995396	0.993689473574547
-0.065943982755036	-0.0301126344288122	0.997368848714537
0.0188899093998135	-0.0090763170899922	-0.999780371777196
-0.0431377477364094	0.0321858554569777	0.998550552264998
0.00974726635799296	0.00210967143397811	-0.999950268805898
-0.0499502242898702	-0.0748980789658124	0.995939382121534
0.0785586712272211	-0.0650000746060643	-0.994788181210563
-0.0699581072748367	0.00607411386076459	0.99753143728272
-0.0666373158903968	-0.106221105430118	0.992107123697903
-0.0186561158150011	-0.111654781188946	0.993571919480591
-0.102809472485608	0.036082089619288	0.99404642506069
-0.114982827413992	0.054870912955395	0.991850861930021
-0.0888458426253291	0.0065107244544283	0.996024109505023
-0.0431377477364094	0.0321858554569777	0.998550552264998
-0.0588248215132252	0.0289822687509763	0.997847517645849
-0.122131507176566	-0.0118272009779692	0.99244345545316
-0.0880409111166514	0.0404899576911871	0.99529360557371
-0.0961042618140843	0.020774934615146	0.995154446783466
-0.0148221636598449	-0.0577561085034228	0.998220684716051
-0.0148221636598449	-0.0577561085034228	0.998220684716051
-0.0220871371930168	-0.0660970251956624	0.997568715242665
-0.0186561158150011	-0.111654781188946	0.993571919480591
-0.0766626654959886	-0.0478201212526163	0.995909670463358
-0.0766626654959886	-0.0478201212526163	0.995909670463358
0.0934772826745427	-0.00720550189023069	-0.995595338662397
-0.0877035354180395	0.0607318305692413	0.994293585733553
-0.0850054804384566	0.0695282823789755	0.993951651864846
-0.0961042618140843	0.0207749346151459	0.995154446783466
-0.0335666402290586	0.0116367735592611	0.999368733833945
-0.010169352793673	-0.0953365030204002	0.995393156223007
-0.0526608817377088	-0.0430682720365483	0.99768329417626
0.0728716623054165	0.0369312731792887	-0.996657314172832
-0.0375892339176127	0.0531505545525075	0.997878784243982
-0.0601080461820553	0.0686019858805094	0.995831707828901
-0.0917114040901335	0.0109039365831765	0.995725927415173
-0.0241191354670677	-0.0357112516701731	0.999071055435233
-0.0278818175502696	-0.0427722585069385	0.99869571850104
-0.0387931872151581	-0.0993276394427158	0.99429829964072
-0.0435098689559779	0.010563016609416	0.998997154141864
-0.0958514509005178	0.0238778042176365	0.995109215024165
-0.0923382404121143	0.0152449470276679	0.995610988764045
-0.0879738479231812	-0.0270185898190017	0.995756294424385
-0.0770802530791298	-0.0692087958519729	0.994619915928681
-0.0639244096603599	-0.100079380745614	0.992923857805395
-0.0434409765384959	0.0573780244218665	0.997406960007211
-0.0533635528077784	0.055137721289938	0.997051735329058
-0.0464175277672367	0.0284850041969053	0.998515907560756
0.0685148513375221	-0.0138560331247816	-0.997553870972512
-0.0792073431043387	0.0577020673918614	0.995186750422782
-0.0919753092535657	0.013130146057962	0.995674716838892
-0.100958843959683	-0.021379022323711	0.994660871468666
-0.065706586346504	-0.0771125646887131	0.994854912476095
-0.0826254303058436	0.0501442116466955	0.995318339178529
0.0603430372293202	0.0269073841617428	-0.997814968085523
0.0792708541110374	-0.00571757002244924	-0.996836717362249
-0.0588568893801405	-0.0233665886463705	0.997992920369441
-0.0649884704110913	-0.0603008132365993	0.996062402983182
-0.0545151544360265	-0.0388363770385063	0.997757402255347
0.129030702764753	0.0287793529091794	-0.991222894504643
-0.079170848050172	0.0427865352500435	0.995942412602412
-0.031153354814077	-0.00611490085234988	0.999495911182929
0.0603430372293206	0.026907384161743	-0.997814968085523
0.0610390319964964	0.00405158840426929	-0.9981271568314
-0.0564647291674839	-0.0370935466595557	0.997715291631966
0.0735216994193648	0.0283643536883647	-0.996890176074742
-0.150262840766074	0.0726551618120082	0.985972771503849
0.097462401867232	-0.0288918549177158	-0.994819752991306
-0.031153354814077	-0.00611490085234988	0.999495911182929
-0.031153354814077	-0.00611490085234988	0.999495911182929
-0.0419856058643084	-0.0133689981527401	0.999028767748256
-0.0466403232154777	-0.0601000538659845	0.997102133071463
-0.0474132835298732	-0.0563755775747683	0.997283196889443
-0.0474132835298733	-0.0563755775747684	0.997283196889443
-0.0452091428738461	-0.0669085945514568	0.996734354467509
-0.137630038233672	-0.0476350226535298	0.989337595157788
-0.141696518906143	0.00819987430437732	0.98987618346502
0.0931067670183475	-0.0870632277250204	-0.991842288024408
-0.0919459489732965	0.0580071669101646	0.994072990808249
-0.0474132835298732	-0.0563755775747685	0.997283196889443
-0.00423102672187403	0.0155301714408021	0.99987044770205
-0.0341988721703673	-0.108858505167701	-0.993468803231852
-0.0268133339255421	0.114652638937501	0.993043713795352
-0.049959118338612	-0.0575124243373105	0.99709398129849
-0.0519693324234391	-0.0735843348928059	0.995934000898576
-0.00423102672187403	0.0155301714408021	0.99987044770205
-0.00423102672187403	0.0155301714408021	0.99987044770205
-0.0690559229687339	0.0172223011756699	0.99746412058036
-0.0671937580316055	0.00916630999275769	0.997697838848369
-0.00633842166846408	-0.0490201067415167	0.998777679739492
0.039366674898816	0.00921613174649179	0.999182329619095
-0.0112229521732001	0.0783900484029341	0.996859591745951
-0.101913967414448	0.0469985760110303	0.993682382403342
-0.112072329202396	0.0131329798175594	0.993613263734065
0.0649911097054938	0.00625511583195412	-0.997866238122714
-0.0571831539631774	-0.0561601580232751	0.996782886868361
-0.0514871274302427	-0.0574668624743518	0.997018874157523
-0.18376988938022	-0.0720812514883322	0.980322865662664
-0.18376988938022	-0.0720812514883324	0.980322865662664
0.131513498609168	0.0330513396008431	-0.990763245500239
-0.146751632422868	-0.0364729360621699	0.988500724995297
-0.181071599745097	-0.0696165402088885	0.981002860900567
-0.18376988938022	-0.0720812514883324	0.980322865662664
0.158523907134149	0.0535748872195958	-0.985900553974046
-0.146751632422868	-0.0364729360621699	0.988500724995297
0.124194167735356	0.0546480974382293	-0.990751933708385
-0.0783800662761652	-0.0331343097093166	0.996372762940974
-0.0589415158546406	-0.0129435117527259	0.998177520891081
-0.0427088870911825	-0.0144041292035044	0.998983719599735
-0.0563661535530127	-0.0108387549486793	0.998351330006026
-0.0681619859055089	-0.00682578340618191	0.997650917083881
